# Bootstrapped average pore-to-pore distance distribution (2nd column) with 95% confidence intervals (3rd and 4th columns) -- (1st column is x axis (nm))
0.000000000000000000e+00 0.000000000000000000e+00 nan nan
1.001001001001000992e-02 0.000000000000000000e+00 nan nan
2.002002002002001985e-02 0.000000000000000000e+00 nan nan
3.003003003003002977e-02 0.000000000000000000e+00 nan nan
4.004004004004003969e-02 0.000000000000000000e+00 nan nan
5.005005005005004615e-02 0.000000000000000000e+00 nan nan
6.006006006006005954e-02 0.000000000000000000e+00 nan nan
7.007007007007007293e-02 0.000000000000000000e+00 nan nan
8.008008008008007939e-02 0.000000000000000000e+00 nan nan
9.009009009009008584e-02 0.000000000000000000e+00 nan nan
1.001001001001000923e-01 0.000000000000000000e+00 nan nan
1.101101101101101126e-01 0.000000000000000000e+00 nan nan
1.201201201201201191e-01 0.000000000000000000e+00 nan nan
1.301301301301301394e-01 0.000000000000000000e+00 nan nan
1.401401401401401459e-01 0.000000000000000000e+00 nan nan
1.501501501501501523e-01 0.000000000000000000e+00 nan nan
1.601601601601601588e-01 0.000000000000000000e+00 nan nan
1.701701701701701652e-01 0.000000000000000000e+00 nan nan
1.801801801801801717e-01 0.000000000000000000e+00 nan nan
1.901901901901901781e-01 0.000000000000000000e+00 nan nan
2.002002002002001846e-01 0.000000000000000000e+00 nan nan
2.102102102102102188e-01 9.881312916824930884e-324 nan nan
2.202202202202202252e-01 4.001931731314097008e-322 nan nan
2.302302302302302317e-01 1.855710565779722020e-320 nan nan
2.402402402402402382e-01 8.553165647674491923e-319 nan nan
2.502502502502502724e-01 3.902660109226507022e-317 nan nan
2.602602602602602788e-01 1.762977778998429472e-315 nan nan
2.702702702702702853e-01 7.884699143526570481e-314 nan nan
2.802802802802802917e-01 3.491207255060124947e-312 nan nan
2.902902902902902982e-01 1.530447268254307938e-310 nan nan
3.003003003003003046e-01 6.642221625521286885e-309 nan nan
3.103103103103103111e-01 2.854043742249049237e-307 nan nan
3.203203203203203175e-01 1.214115985677391835e-305 nan nan
3.303303303303303240e-01 5.113426734271797431e-304 nan nan
3.403403403403403304e-01 2.132142489720371433e-302 nan nan
3.503503503503503369e-01 8.801825571956663861e-301 nan nan
3.603603603603603434e-01 3.597341394228669758e-299 nan nan
3.703703703703703498e-01 1.455602979530737902e-297 nan nan
3.803803803803803563e-01 5.831182303155168288e-296 nan nan
3.903903903903903627e-01 2.312718232506774653e-294 nan nan
4.004004004004003692e-01 9.081158800381231420e-293 nan nan
4.104104104104104311e-01 3.530305395446694552e-291 nan nan
4.204204204204204376e-01 1.358738128134727899e-289 nan nan
4.304304304304304440e-01 5.177400339913000294e-288 nan nan
4.404404404404404505e-01 1.953170931877072018e-286 nan nan
4.504504504504504570e-01 7.294932796508625349e-285 nan nan
4.604604604604604634e-01 2.697459277827653488e-283 nan nan
4.704704704704704699e-01 9.875090339413954151e-282 nan nan
4.804804804804804763e-01 3.579149640663167702e-280 nan nan
4.904904904904904828e-01 1.284314109635741429e-278 nan nan
5.005005005005005447e-01 4.562630406617343817e-277 nan nan
5.105105105105105512e-01 1.604767004957581228e-275 nan nan
5.205205205205205576e-01 5.588063881208246024e-274 nan nan
5.305305305305305641e-01 1.926475270109854695e-272 nan nan
5.405405405405405705e-01 6.575340322096870333e-271 nan nan
5.505505505505505770e-01 2.221906475985579526e-269 nan nan
5.605605605605605835e-01 7.433375579289989249e-268 nan nan
5.705705705705705899e-01 2.462063002482259677e-266 nan nan
5.805805805805805964e-01 8.073559537608585328e-265 nan nan
5.905905905905906028e-01 2.621101074677799846e-263 nan nan
6.006006006006006093e-01 8.424717210399879158e-262 nan nan
6.106106106106106157e-01 2.680894749334410625e-260 nan nan
6.206206206206206222e-01 8.446116868700271139e-259 nan nan
6.306306306306306286e-01 2.634433986938078563e-257 nan nan
6.406406406406406351e-01 8.135242220926410858e-256 nan nan
6.506506506506506415e-01 2.487176532575446599e-254 nan nan
6.606606606606606480e-01 7.528279102841674356e-253 nan nan
6.706706706706706544e-01 2.255993331106679015e-251 nan nan
6.806806806806806609e-01 6.693186599236221783e-250 nan nan
6.906906906906906674e-01 1.965989065693127428e-248 nan nan
7.007007007007006738e-01 5.717186105062348406e-247 nan nan
7.107107107107106803e-01 1.646025844192767143e-245 nan nan
7.207207207207206867e-01 4.691849592390819525e-244 nan nan
7.307307307307306932e-01 1.324050797282992295e-242 nan nan
7.407407407407406996e-01 3.699289926935933409e-241 nan nan
7.507507507507507061e-01 1.023258291911236648e-239 nan nan
7.607607607607607125e-01 2.802240324809153017e-238 nan nan
7.707707707707707190e-01 7.597639980854620011e-237 nan nan
7.807807807807807254e-01 2.039413510126824530e-235 nan nan
7.907907907907907319e-01 5.419823535978804637e-234 nan nan
8.008008008008007383e-01 1.425995968703715680e-232 nan nan
8.108108108108108558e-01 3.714537689060427529e-231 nan nan
8.208208208208208623e-01 9.579538445952923019e-230 nan nan
8.308308308308308687e-01 2.445894769095019081e-228 nan nan
8.408408408408408752e-01 6.182787835414408480e-227 nan nan
8.508508508508508816e-01 1.547334951332957872e-225 nan nan
8.608608608608608881e-01 3.833873400165467384e-224 nan nan
8.708708708708708945e-01 9.404693900950020768e-223 nan nan
8.808808808808809010e-01 2.284047079813668943e-221 nan nan
8.908908908908909074e-01 5.491853610612042863e-220 nan nan
9.009009009009009139e-01 1.307333505916366315e-218 nan nan
9.109109109109109204e-01 3.081111361656355280e-217 nan nan
9.209209209209209268e-01 7.189223543197539912e-216 nan nan
9.309309309309309333e-01 1.660772688980662631e-214 nan nan
9.409409409409409397e-01 3.798324285153403059e-213 nan nan
9.509509509509509462e-01 8.600576258842844795e-212 nan nan
9.609609609609609526e-01 1.928043162604963171e-210 nan nan
9.709709709709709591e-01 4.279171273003023070e-209 nan nan
9.809809809809809655e-01 9.402781163332512428e-208 nan nan
9.909909909909909720e-01 2.045534250869850310e-206 nan nan
1.001001001001001089e+00 4.405659989554136973e-205 nan nan
1.011011011011011096e+00 9.394399367805429946e-204 nan nan
1.021021021021021102e+00 1.983265727316451355e-202 nan nan
1.031031031031031109e+00 4.145211252914192843e-201 nan nan
1.041041041041041115e+00 8.577610665434781246e-200 nan nan
1.051051051051051122e+00 1.757275758606532165e-198 nan nan
1.061061061061061128e+00 3.564244268152030393e-197 nan nan
1.071071071071071135e+00 7.157296066269376688e-196 nan nan
1.081081081081081141e+00 1.422933201933865763e-194 nan nan
1.091091091091091148e+00 2.800748287460724083e-193 nan nan
1.101101101101101154e+00 5.457801144284711054e-192 nan nan
1.111111111111111160e+00 1.052968617208408153e-190 nan nan
1.121121121121121167e+00 2.011255596839096981e-189 nan nan
1.131131131131131173e+00 3.803410929164405906e-188 nan nan
1.141141141141141180e+00 7.120875769400891520e-187 nan nan
1.151151151151151186e+00 1.319920490878532448e-185 nan nan
1.161161161161161193e+00 2.422235496867264155e-184 nan nan
1.171171171171171199e+00 4.400876865315484946e-183 nan nan
1.181181181181181206e+00 7.916192729971571240e-182 nan nan
1.191191191191191212e+00 1.409768552094362250e-180 nan nan
1.201201201201201219e+00 2.485613645685312766e-179 nan nan
1.211211211211211225e+00 4.338841709140229547e-178 nan nan
1.221221221221221231e+00 7.498396366071861497e-177 nan nan
1.231231231231231238e+00 1.282972701009379612e-175 nan nan
1.241241241241241244e+00 2.173306116256128141e-174 nan nan
1.251251251251251251e+00 3.644843481188841785e-173 nan nan
1.261261261261261257e+00 6.051895064136899530e-172 nan nan
1.271271271271271264e+00 9.948519362339425267e-171 nan nan
1.281281281281281270e+00 1.619123943823100723e-169 nan nan
1.291291291291291277e+00 2.608893536170379233e-168 nan nan
1.301301301301301283e+00 4.161858063024433140e-167 nan nan
1.311311311311311290e+00 6.573139517632842478e-166 nan nan
1.321321321321321296e+00 1.027810723977288423e-164 nan nan
1.331331331331331302e+00 1.591139213142626223e-163 nan nan
1.341341341341341309e+00 2.438697789300263018e-162 nan nan
1.351351351351351315e+00 3.700518616228069781e-161 3.686742067918646020e-161 3.714295164537493543e-161
1.361361361361361322e+00 5.559324658817179803e-160 5.540136147419876573e-160 5.578513170214483033e-160
1.371371371371371328e+00 8.268683103335110362e-159 8.240210607301550447e-159 8.297155599368670276e-159
1.381381381381381335e+00 1.217602575508796191e-157 1.213420002736430509e-157 1.221785148281161873e-157
1.391391391391391341e+00 1.775128104306925946e-156 1.769045188425451396e-156 1.781211020188400496e-156
1.401401401401401348e+00 2.562175099372369660e-155 2.553416559355529657e-155 2.570933639389209662e-155
1.411411411411411354e+00 3.661364021665650811e-154 3.648878598789535230e-154 3.673849444541766391e-154
1.421421421421421361e+00 5.180027237884584041e-153 5.162406404205794939e-153 5.197648071563373143e-153
1.431431431431431367e+00 7.255648591673789025e-152 7.231027838537267750e-152 7.280269344810310299e-152
1.441441441441441373e+00 1.006179662561936081e-150 1.002773793638481676e-150 1.009585531485390487e-150
1.451451451451451380e+00 1.381433424473199580e-149 1.376768911883736109e-149 1.386097937062663052e-149
1.461461461461461386e+00 1.877757689751824155e-148 1.871433041430810636e-148 1.884082338072837674e-148
1.471471471471471393e+00 2.526994735640665979e-147 2.518504528305506680e-147 2.535484942975825278e-147
1.481481481481481399e+00 3.366854573835392493e-146 3.355570860553256035e-146 3.378138287117528952e-146
1.491491491491491406e+00 4.441192998444207493e-145 4.426346034613522280e-145 4.456039962274892705e-145
1.501501501501501412e+00 5.800029961825888515e-144 5.780689129874424336e-144 5.819370793777352693e-144
1.511511511511511419e+00 7.499221215358385028e-143 7.474277302771553834e-143 7.524165127945216223e-143
1.521521521521521425e+00 9.599695663450502412e-142 9.567845918773880711e-142 9.631545408127124114e-142
1.531531531531531432e+00 1.216617818725706810e-140 1.212591581862302138e-140 1.220644055589111483e-140
1.541541541541541438e+00 1.526533447173415576e-139 1.521494443152324878e-139 1.531572451194506275e-139
1.551551551551551444e+00 1.896330172881816547e-138 1.890086471270790978e-138 1.902573874492842117e-138
1.561561561561561451e+00 2.332260740181087732e-137 2.324601394717786688e-137 2.339920085644388777e-137
1.571571571571571457e+00 2.839852607599383242e-136 2.830550244374105538e-136 2.849154970824660947e-136
1.581581581581581464e+00 3.423498068520448357e-135 3.412312782900346864e-135 3.434683354140549850e-135
1.591591591591591470e+00 4.086015405908370933e-134 4.072700041768527678e-134 4.099330770048214187e-134
1.601601601601601477e+00 4.828203594479952451e-133 4.812510404386444042e-133 4.843896784573460859e-133
1.611611611611611705e+00 5.648418287080354759e-132 5.630106881739855165e-132 5.666729692420854353e-132
1.621621621621621712e+00 6.542200706145606010e-131 6.521047100425311850e-131 6.563354311865900170e-131
1.631631631631631718e+00 7.501992963899952321e-130 7.477799421717717615e-130 7.526186506082187027e-130
1.641641641641641725e+00 8.516972703808947966e-129 8.489577983501812569e-129 8.544367424116083364e-129
1.651651651651651731e+00 9.573036410163705614e-128 9.542325924858908684e-128 9.603746895468502544e-128
1.661661661661661737e+00 1.065295413709228766e-126 1.061886948063066127e-126 1.068703879355391405e-126
1.671671671671671744e+00 1.173670892962941926e-125 1.169925618641527679e-125 1.177416167284356173e-125
1.681681681681681750e+00 1.280202234190798216e-124 1.276127860557740482e-124 1.284276607823855950e-124
1.691691691691691757e+00 1.382505401142107457e-123 1.378117158650482679e-123 1.386893643633732235e-123
1.701701701701701763e+00 1.478124929902722692e-122 1.473445715245251590e-122 1.482804144560193795e-122
1.711711711711711770e+00 1.564629579903651745e-121 1.559689796089539449e-121 1.569569363717764042e-121
1.721721721721721776e+00 1.639713835769130047e-120 1.634550913578349036e-120 1.644876757959911058e-120
1.731731731731731783e+00 1.701299431602830183e-119 1.695957037525106895e-119 1.706641825680553471e-119
1.741741741741741789e+00 1.747630698128806031e-118 1.742157653314881051e-118 1.753103742942731012e-118
1.751751751751751796e+00 1.777357643515504011e-117 1.771806596921643290e-117 1.782908690109364732e-117
1.761761761761761802e+00 1.789601286131931666e-116 1.784027201387377421e-116 1.795175370876485911e-116
1.771771771771771808e+00 1.783996828096880154e-115 1.778455356271535491e-115 1.789538299922224817e-115
1.781781781781781815e+00 1.760711710592172276e-114 1.755257528889158698e-114 1.766165892295185853e-114
1.791791791791791821e+00 1.720437303986981728e-113 1.715122502742865164e-113 1.725752105231098292e-113
1.801801801801801828e+00 1.664354808233631051e-112 1.659227405264651547e-112 1.669482211202610556e-112
1.811811811811811834e+00 1.594077710337881606e-111 1.589180362923384915e-111 1.598975057752378297e-111
1.821821821821821841e+00 1.511574710070282889e-110 1.506943681483021133e-110 1.516205738657544645e-110
1.831831831831831847e+00 1.419078248834302364e-109 1.414742669473353021e-109 1.423413828195251707e-109
1.841841841841841854e+00 1.318984562152476548e-108 1.314966006435578131e-108 1.323003117869374964e-108
1.851851851851851860e+00 1.213751471622762205e-107 1.210063852403128045e-107 1.217439090842396364e-107
1.861861861861861867e+00 1.105799934738631920e-106 1.102449698639824624e-106 1.109150170837439216e-106
1.871871871871871873e+00 9.974247253141596329e-106 9.944113163670909911e-106 1.000438134261228275e-105
1.881881881881881879e+00 8.907186080638927624e-105 8.880351544267743856e-105 8.934020617010111393e-105
1.891891891891891886e+00 7.875131113616005314e-104 7.851472813827143173e-104 7.898789413404867456e-104
1.901901901901901892e+00 6.893376201091251881e-103 6.872725898220651861e-103 6.914026503961851901e-103
1.911911911911911899e+00 5.973971341356666354e-102 5.956126083379471555e-102 5.991816599333861154e-102
1.921921921921921905e+00 5.125677816211625105e-101 5.110410145112218677e-101 5.140945487311031534e-101
1.931931931931931912e+00 4.354081333936454504e-100 4.341149016047740813e-100 4.367013651825168194e-100
1.941941941941941918e+00 3.661835940225570585e-99 3.650990839019046583e-99 3.672681041432094994e-99
1.951951951951951925e+00 3.049006781107513366e-98 3.040002592968165579e-98 3.058010969246861154e-98
1.961961961961961931e+00 2.513478122024059517e-97 2.506076800365600909e-97 2.520879443682518124e-97
1.971971971971971938e+00 2.051394045520041213e-96 2.045370838137828237e-96 2.057417252902254190e-96
1.981981981981981944e+00 1.657602468210246643e-95 1.652749580669746754e-95 1.662455355750746531e-95
1.991991991991991950e+00 1.326077918078221945e-94 1.322206887823306934e-94 1.329948948333136956e-94
2.002002002002002179e+00 1.050304238068069094e-93 1.047247157483953106e-93 1.053361318652185081e-93
2.012012012012012185e+00 8.236044058478513651e-93 8.212141672985201126e-93 8.259946443971826175e-93
2.022022022022022192e+00 6.394104445667001458e-92 6.375601976011745374e-92 6.412606915322257543e-92
2.032032032032032198e+00 4.914715310512501828e-91 4.900535438638660665e-91 4.928895182386343537e-91
2.042042042042042205e+00 3.740026117923430570e-90 3.729267186925171001e-90 3.750785048921690139e-90
2.052052052052052211e+00 2.817789768662691006e-89 2.809707743363470053e-89 2.825871793961911959e-89
2.062062062062062218e+00 2.101843034044127509e-88 2.095832326245792985e-88 2.107853741842462032e-88
2.072072072072072224e+00 1.552207460208918744e-87 1.547781725139371660e-87 1.556633195278465828e-87
2.082082082082082231e+00 1.134898715246863354e-86 1.131672453066898046e-86 1.138124977426828663e-86
2.092092092092092237e+00 8.215279634574703464e-86 8.191995054518561020e-86 8.238564214630845908e-86
2.102102102102102243e+00 5.887698509879632281e-85 5.871060869508989510e-85 5.904336150250275052e-85
2.112112112112112250e+00 4.177599474893510103e-84 4.165829658487714234e-84 4.189369291299305973e-84
2.122122122122122256e+00 2.934716272661780389e-83 2.926472949217667825e-83 2.942959596105892954e-83
2.132132132132132263e+00 2.041096714566817505e-82 2.035380747034158542e-82 2.046812682099476467e-82
2.142142142142142269e+00 1.405462462196962702e-81 1.401538435157879891e-81 1.409386489236045514e-81
2.152152152152152276e+00 9.581492910252606741e-81 9.554822535366267142e-81 9.608163285138946341e-81
2.162162162162162282e+00 6.467038419902101660e-80 6.449091860253618760e-80 6.484984979550584561e-80
2.172172172172172289e+00 4.321515636593223067e-79 4.309559570207042020e-79 4.333471702979404113e-79
2.182182182182182295e+00 2.859072636964014553e-78 2.851186750474905364e-78 2.866958523453123741e-78
2.192192192192192302e+00 1.872719817148446788e-77 1.867570283663073104e-77 1.877869350633820473e-77
2.202202202202202308e+00 1.214448226874028845e-76 1.211119022300505188e-76 1.217777431447552503e-76
2.212212212212212314e+00 7.797292955861317589e-76 7.775983695290488403e-76 7.818602216432146775e-76
2.222222222222222321e+00 4.956412142932975426e-75 4.942908478100449557e-75 4.969915807765501296e-75
2.232232232232232327e+00 3.119246918375221914e-74 3.110774832198865938e-74 3.127719004551577891e-74
2.242242242242242334e+00 1.943528650602522097e-73 1.938266241626936465e-73 1.948791059578107729e-73
2.252252252252252340e+00 1.198922357614513326e-72 1.195686164568443835e-72 1.202158550660582817e-72
2.262262262262262347e+00 7.322344548083552675e-72 7.302641205448267415e-72 7.342047890718837936e-72
2.272272272272272353e+00 4.427599427607219418e-71 4.415722581196200273e-71 4.439476274018238562e-71
2.282282282282282360e+00 2.650608691125168430e-70 2.643520781219764474e-70 2.657696601030572386e-70
2.292292292292292366e+00 1.571021464154105467e-69 1.566833614019407536e-69 1.575209314288803398e-69
2.302302302302302373e+00 9.218874435479257182e-69 9.194377032414619946e-69 9.243371838543894418e-69
2.312312312312312379e+00 5.355907109267789348e-68 5.341719637316026672e-68 5.370094581219552024e-68
2.322322322322322385e+00 3.080687200072331822e-67 3.072552414383163468e-67 3.088821985761500176e-67
2.332332332332332392e+00 1.754371974390537965e-66 1.749754086038225530e-66 1.758989862742850401e-66
2.342342342342342398e+00 9.891344893886418093e-66 9.865391328011579211e-66 9.917298459761256975e-66
2.352352352352352405e+00 5.521393204897596594e-65 5.506951880610755263e-65 5.535834529184437926e-65
2.362362362362362411e+00 3.051418363206558472e-64 3.043462753559093113e-64 3.059373972854023832e-64
2.372372372372372418e+00 1.669608566245123650e-63 1.665269498241613873e-63 1.673947634248633427e-63
2.382382382382382424e+00 9.044560876209541600e-63 9.021130671740696081e-63 9.067991080678387118e-63
2.392392392392392431e+00 4.850877480948896360e-62 4.838351480635568588e-62 4.863403481262224132e-62
2.402402402402402437e+00 2.575806345495201818e-61 2.569176467093179876e-61 2.582436223897223760e-61
2.412412412412412444e+00 1.354148466932033654e-60 1.350674260645257201e-60 1.357622673218810107e-60
2.422422422422422450e+00 7.048222657765190490e-60 7.030198182761757845e-60 7.066247132768623136e-60
2.432432432432432456e+00 3.632062367159950099e-59 3.622804163713708392e-59 3.641320570606191805e-59
2.442442442442442463e+00 1.853051203780438439e-58 1.848343078812821536e-58 1.857759328748055341e-58
2.452452452452452469e+00 9.360134215924003824e-58 9.336429950476334341e-58 9.383838481371673307e-58
2.462462462462462476e+00 4.680986195390808142e-57 4.669170415993885884e-57 4.692801974787730400e-57
2.472472472472472482e+00 2.317679441907828329e-56 2.311848272039894412e-56 2.323510611775762246e-56
2.482482482482482489e+00 1.136135678433481366e-55 1.133286585898115628e-55 1.138984770968847105e-55
2.492492492492492495e+00 5.514015074326536161e-55 5.500232985124570960e-55 5.527797163528501361e-55
2.502502502502502502e+00 2.649517068621047777e-54 2.642916500828023609e-54 2.656117636414071944e-54
2.512512512512512508e+00 1.260452891491889376e-53 1.257323172303582458e-53 1.263582610680196294e-53
2.522522522522522515e+00 5.936736115857926867e-53 5.922043897083044052e-53 5.951428334632809682e-53
2.532532532532532521e+00 2.768408711069826223e-52 2.761580177644459957e-52 2.775237244495192489e-52
2.542542542542542527e+00 1.278127304630981790e-51 1.274985163886956160e-51 1.281269445375007419e-51
2.552552552552552534e+00 5.842242401832829331e-51 5.827927707647276636e-51 5.856557096018382025e-51
2.562562562562562540e+00 2.643910187546124062e-50 2.637453691863835055e-50 2.650366683228413069e-50
2.572572572572572547e+00 1.184610573189761752e-49 1.181727404106725313e-49 1.187493742272798191e-49
2.582582582582582553e+00 5.254923617842563217e-49 5.242176795767115058e-49 5.267670439918011377e-49
2.592592592592592560e+00 2.307911899701349325e-48 2.302332436619755536e-48 2.313491362782943114e-48
2.602602602602602566e+00 1.003538829816172952e-47 1.001120911219076201e-47 1.005956748413269702e-47
2.612612612612612573e+00 4.320275034323340349e-47 4.309900948488685209e-47 4.330649120157995488e-47
2.622622622622622579e+00 1.841412107867912094e-46 1.837005372156210039e-46 1.845818843579614149e-46
2.632632632632632586e+00 7.770574099194770743e-46 7.752041202985881398e-46 7.789106995403660088e-46
2.642642642642642592e+00 3.246518343329252412e-45 3.238801693062295722e-45 3.254234993596209103e-45
2.652652652652652598e+00 1.342905313035918753e-44 1.339724239608093845e-44 1.346086386463743661e-44
2.662662662662662605e+00 5.499659917788809512e-44 5.486676828609634222e-44 5.512643006967984802e-44
2.672672672672672611e+00 2.229920232023033755e-43 2.224674066659067592e-43 2.235166397386999918e-43
2.682682682682682618e+00 8.951710164290683728e-43 8.930722426898918411e-43 8.972697901682449045e-43
2.692692692692692624e+00 3.557836876542338997e-42 3.549524042711591854e-42 3.566149710373086140e-42
2.702702702702702631e+00 1.400004832389406329e-41 1.396745020549321011e-41 1.403264644229491647e-41
2.712712712712712637e+00 5.454270467508260152e-41 5.441614479714648811e-41 5.466926455301871494e-41
2.722722722722722644e+00 2.103815213957947617e-40 2.098950472443164286e-40 2.108679955472730949e-40
2.732732732732732650e+00 8.034196612385995047e-40 8.015683312893043804e-40 8.052709911878946289e-40
2.742742742742742657e+00 3.037675807172324536e-39 3.030700419493361967e-39 3.044651194851287106e-39
2.752752752752752663e+00 1.137115698670101961e-38 1.134513661658540201e-38 1.139717735681663720e-38
2.762762762762762669e+00 4.214366697078490181e-38 4.204756787102100895e-38 4.223976607054879467e-38
2.772772772772772676e+00 1.546409793117765152e-37 1.542895920341087748e-37 1.549923665894442555e-37
2.782782782782782682e+00 5.617998767934035136e-37 5.605277987742756212e-37 5.630719548125314060e-37
2.792792792792792689e+00 2.020708390127722900e-36 2.016149043592419177e-36 2.025267736663026624e-36
2.802802802802802695e+00 7.195993941164832757e-36 7.179814901673548607e-36 7.212172980656116908e-36
2.812812812812812702e+00 2.537133146592681780e-35 2.531449012840889981e-35 2.542817280344473579e-35
2.822822822822822708e+00 8.856482040536334555e-35 8.836710641262589404e-35 8.876253439810079706e-35
2.832832832832832715e+00 3.060870428434619959e-34 3.054061602458024379e-34 3.067679254411215540e-34
2.842842842842842721e+00 1.047356559857815717e-33 1.045035058619198522e-33 1.049678061096432912e-33
2.852852852852852727e+00 3.548217925881867715e-33 3.540381327104848455e-33 3.556054524658886975e-33
2.862862862862862734e+00 1.190124349348478068e-32 1.187505271164301159e-32 1.192743427532654977e-32
2.872872872872872740e+00 3.952218412032428393e-32 3.943552153783806322e-32 3.960884670281050464e-32
2.882882882882882747e+00 1.299440189172159244e-31 1.296601111602799764e-31 1.302279266741518724e-31
2.892892892892892753e+00 4.229983160109428183e-31 4.220774731677912479e-31 4.239191588540943887e-31
2.902902902902902760e+00 1.363289844659010535e-30 1.360332808992023658e-30 1.366246880325997413e-30
2.912912912912912766e+00 4.350159839630444242e-30 4.340758482320018114e-30 4.359561196940870370e-30
2.922922922922922773e+00 1.374326517671845158e-29 1.371367226691039242e-29 1.377285808652651074e-29
2.932932932932932779e+00 4.298753903116511753e-29 4.289531415819493588e-29 4.307976390413529917e-29
2.942942942942942786e+00 1.331261708329613360e-28 1.328416121021902842e-28 1.334107295637323877e-28
2.952952952952952792e+00 4.081809759218831701e-28 4.073116965138137348e-28 4.090502553299526053e-28
2.962962962962962798e+00 1.239112704163970966e-27 1.236483582568402977e-27 1.241741825759538955e-27
2.972972972972972805e+00 3.724241762732635978e-27 3.716369022248363370e-27 3.732114503216908585e-27
2.982982982982982811e+00 1.108240995295287965e-26 1.105906971047320827e-26 1.110575019543255103e-26
2.992992992992992818e+00 3.265127436721434345e-26 3.258276512853385980e-26 3.271978360589482709e-26
3.003003003003002824e+00 9.524363003085503716e-26 9.504453635846331387e-26 9.544272370324676045e-26
3.013013013013012831e+00 2.750691762817008929e-25 2.744963400177511418e-25 2.756420125456506439e-25
3.023023023023022837e+00 7.865356534727397579e-25 7.849038476631015397e-25 7.881674592823779762e-25
3.033033033033032844e+00 2.226720584281714194e-24 2.222118319826127190e-24 2.231322848737301198e-24
3.043043043043042850e+00 6.241431228135064939e-24 6.228580137317259569e-24 6.254282318952870309e-24
3.053053053053052857e+00 1.732104751574880937e-23 1.728551925494836678e-23 1.735657577654925196e-23
3.063063063063062863e+00 4.759222030023519868e-23 4.749497387460967559e-23 4.768946672586072177e-23
3.073073073073072869e+00 1.294702513086704754e-22 1.292067156997988364e-22 1.297337869175421145e-22
3.083083083083082876e+00 3.487197942732305102e-22 3.480127100601341344e-22 3.494268784863268860e-22
3.093093093093092882e+00 9.299426709326340864e-22 9.280643518173037795e-22 9.318209900479643932e-22
3.103103103103102889e+00 2.455325726489438980e-21 2.450385643488341452e-21 2.460265809490536508e-21
3.113113113113112895e+00 6.418533631836205099e-21 6.405669929643127924e-21 6.431397334029282273e-21
3.123123123123122902e+00 1.661256584258233997e-20 1.657940200258053112e-20 1.664572968258414882e-20
3.133133133133132908e+00 4.257084081316623137e-20 4.248619002770378686e-20 4.265549159862867587e-20
3.143143143143142915e+00 1.080097109884677740e-19 1.077957843976927448e-19 1.082236375792428033e-19
3.153153153153152921e+00 2.713244315024317217e-19 2.707891695167593537e-19 2.718596934881040896e-19
3.163163163163162928e+00 6.748247366508696808e-19 6.734987591757062546e-19 6.761507141260331069e-19
3.173173173173172934e+00 1.661764848907156850e-18 1.658512671143486573e-18 1.665017026670827127e-18
3.183183183183182940e+00 4.051586615285019118e-18 4.043689271124188727e-18 4.059483959445849508e-18
3.193193193193192947e+00 9.780435470700927495e-18 9.761448451257187282e-18 9.799422490144667709e-18
3.203203203203202953e+00 2.337595148994195033e-17 2.333075530703450767e-17 2.342114767284939299e-17
3.213213213213213404e+00 5.531704820980791509e-17 5.521053186621855244e-17 5.542356455339727773e-17
3.223223223223223410e+00 1.296068229476345403e-16 1.293582804957423399e-16 1.298553653995267408e-16
3.233233233233233417e+00 3.006605799455801175e-16 3.000863906950028463e-16 3.012347691961573886e-16
3.243243243243243423e+00 6.905664687383289434e-16 6.892531201488031662e-16 6.918798173278547207e-16
3.253253253253253430e+00 1.570418798507446971e-15 1.567444560121564307e-15 1.573393036893329636e-15
3.263263263263263436e+00 3.535958346588258896e-15 3.529289623437852940e-15 3.542627069738664853e-15
3.273273273273273443e+00 7.882811278235971884e-15 7.868007209009027743e-15 7.897615347462916024e-15
3.283283283283283449e+00 1.739955547011891594e-14 1.736701742954866270e-14 1.743209351068916919e-14
3.293293293293293456e+00 3.802585058215183181e-14 3.795504395105213301e-14 3.809665721325153061e-14
3.303303303303303462e+00 8.228188546124733624e-14 8.212932952848789744e-14 8.243444139400677504e-14
3.313313313313313468e+00 1.762847828788900707e-13 1.759593530877779525e-13 1.766102126700021890e-13
3.323323323323323475e+00 3.739482598086126228e-13 3.732609398367994707e-13 3.746355797804257749e-13
3.333333333333333481e+00 7.854076877611179181e-13 7.839704305417552643e-13 7.868449449804805718e-13
3.343343343343343488e+00 1.633302360072037765e-12 1.630326692882259155e-12 1.636278027261816375e-12
3.353353353353353494e+00 3.362999054458503871e-12 3.356899347158943973e-12 3.369098761758063768e-12
3.363363363363363501e+00 6.856090684988452785e-12 6.843711020023425277e-12 6.868470349953480294e-12
3.373373373373373507e+00 1.383939131373704821e-11 1.381451508526713052e-11 1.386426754220696590e-11
3.383383383383383514e+00 2.765980201856822089e-11 2.761030985465100558e-11 2.770929418248543620e-11
3.393393393393393520e+00 5.473609892001293371e-11 5.463860778227319222e-11 5.483359005775267520e-11
3.403403403403403527e+00 1.072487922886631621e-10 1.070586533019395296e-10 1.074389312753867946e-10
3.413413413413413533e+00 2.080682986230983258e-10 2.077011388242460230e-10 2.084354584219506286e-10
3.423423423423423539e+00 3.996828825653384567e-10 3.989809141421277231e-10 4.003848509885491903e-10
3.433433433433433546e+00 7.601906959037961824e-10 7.588618973328403728e-10 7.615194944747519919e-10
3.443443443443443552e+00 1.431621502791468967e-09 1.429131037505678518e-09 1.434111968077259416e-09
3.453453453453453559e+00 2.669524356449767782e-09 2.664902863815259001e-09 2.674145849084276563e-09
3.463463463463463565e+00 4.928797594886356879e-09 4.920306471219607639e-09 4.937288718553106119e-09
3.473473473473473572e+00 9.010543211148315513e-09 8.995096717151553472e-09 9.025989705145077555e-09
3.483483483483483578e+00 1.631042945471913211e-08 1.628260816349668348e-08 1.633825074594158074e-08
3.493493493493493585e+00 2.923383967735287921e-08 2.918422524339307185e-08 2.928345411131268656e-08
3.503503503503503591e+00 5.188168259749676191e-08 5.179407878278355812e-08 5.196928641220996570e-08
3.513513513513513598e+00 9.116995386884784739e-08 9.101680172818893718e-08 9.132310600950675760e-08
3.523523523523523604e+00 1.586356373031905187e-07 1.583705376877470752e-07 1.589007369186339623e-07
3.533533533533533610e+00 2.733147433142867609e-07 2.728604022057105261e-07 2.737690844228629958e-07
3.543543543543543617e+00 4.662734369726193748e-07 4.655024574247071356e-07 4.670444165205316140e-07
3.553553553553553623e+00 7.876544696244217838e-07 7.863591033242504429e-07 7.889498359245931247e-07
3.563563563563563630e+00 1.317499643253695434e-06 1.315344717477503213e-06 1.319654569029887655e-06
3.573573573573573636e+00 2.182163721574719529e-06 2.178614254558889303e-06 2.185713188590549755e-06
3.583583583583583643e+00 3.578892920368978449e-06 3.573104150873873045e-06 3.584681689864083854e-06
3.593593593593593649e+00 5.812155793446457579e-06 5.802808133948138522e-06 5.821503452944776637e-06
3.603603603603603656e+00 9.346644449188534493e-06 9.331698815952728675e-06 9.361590082424340312e-06
3.613613613613613662e+00 1.488356771016177659e-05 1.485990731888840319e-05 1.490722810143514999e-05
3.623623623623623669e+00 2.346898484235253931e-05 2.343189738034774121e-05 2.350607230435733741e-05
3.633633633633633675e+00 3.664550841549167869e-05 3.658794700943687983e-05 3.670306982154647755e-05
3.643643643643643681e+00 5.666173088335140461e-05 5.657327304239910364e-05 5.675018872430370558e-05
3.653653653653653688e+00 8.675713764885270725e-05 8.662253810311444700e-05 8.689173719459096750e-05
3.663663663663663694e+00 1.315439140410404990e-04 1.313411201279035979e-04 1.317467079541774001e-04
3.673673673673673701e+00 1.975106804706006005e-04 1.972081479002943199e-04 1.978132130409068811e-04
3.683683683683683707e+00 2.936764097130510685e-04 2.932295232514214064e-04 2.941232961746807306e-04
3.693693693693693714e+00 4.324250469486628471e-04 4.317714166959888680e-04 4.330786772013368261e-04
3.703703703703703720e+00 6.305519538341306310e-04 6.296053262806878929e-04 6.314985813875733690e-04
3.713713713713713727e+00 9.105513595897751691e-04 9.091938575965107135e-04 9.119088615830396247e-04
3.723723723723723733e+00 1.302168525310997207e-03 1.300240917962211485e-03 1.304096132659782930e-03
3.733733733733733740e+00 1.844230252979123848e-03 1.841519961466811777e-03 1.846940544491435920e-03
3.743743743743743746e+00 2.586751684544565111e-03 2.582978261454551682e-03 2.590525107634578540e-03
3.753753753753753752e+00 3.593295219026168552e-03 3.588093103744916836e-03 3.598497334307420269e-03
3.763763763763763759e+00 4.943528385537174219e-03 4.936426845977687911e-03 4.950629925096660527e-03
3.773773773773773765e+00 6.735891796769100277e-03 6.726292124089507801e-03 6.745491469448692753e-03
3.783783783783783772e+00 9.090246829090369018e-03 9.077397062053944518e-03 9.103096596126793519e-03
3.793793793793793778e+00 1.215032739494039705e-02 1.213329511476873325e-02 1.216735967511206086e-02
3.803803803803803785e+00 1.608577419392975133e-02 1.606341824440480140e-02 1.610813014345470126e-02
3.813813813813813791e+00 2.109348742779827354e-02 2.106442976783108947e-02 2.112254508776545761e-02
3.823823823823823798e+00 2.739800048130627136e-02 2.736059974942989942e-02 2.743540121318264330e-02
3.833833833833833804e+00 3.525055862137856100e-02 3.520288735679233394e-02 3.529822988596478806e-02
3.843843843843843811e+00 4.492658975655409309e-02 4.486641754494865436e-02 4.498676196815953182e-02
3.853853853853853817e+00 5.672128475082492682e-02 5.664606980457393554e-02 5.679649969707591811e-02
3.863863863863863823e+00 7.094306751266415967e-02 7.084995930987246504e-02 7.103617571545585430e-02
3.873873873873873830e+00 8.790483277355161384e-02 8.779068832499081765e-02 8.801897722211241004e-02
3.883883883883883836e+00 1.079129618156604714e-01 1.077743778640175148e-01 1.080515457673034280e-01
3.893893893893893843e+00 1.312542893465515614e-01 1.310876523004734506e-01 1.314209263926296722e-01
3.903903903903903849e+00 1.581813800037915330e-01 1.579829346579099958e-01 1.583798253496730701e-01
3.913913913913913856e+00 1.888966681508130740e-01 1.886626052514042140e-01 1.891307310502219341e-01
3.923923923923923862e+00 2.235362035442950979e-01 2.232627650623832949e-01 2.238096420262069008e-01
3.933933933933933869e+00 2.621539093382312946e-01 2.618375089680087253e-01 2.624703097084538639e-01
3.943943943943943875e+00 3.047073779711088615e-01 3.043447329668558243e-01 3.050700229753618986e-01
3.953953953953953881e+00 3.510462860528162365e-01 3.506345551582738529e-01 3.514580169473586202e-01
3.963963963963963888e+00 4.009044860771939778e-01 4.004414071072290304e-01 4.013675650471589251e-01
3.973973973973973894e+00 4.538967209100491229e-01 4.533807406385258476e-01 4.544127011815723982e-01
3.983983983983983901e+00 5.095207043719865991e-01 5.089510928765558218e-01 5.100903158674173765e-01
3.993993993993993907e+00 5.671650245320739581e-01 5.665419661394439643e-01 5.677880829247039518e-01
4.004004004004004358e+00 6.261229714733613783e-01 6.254476249979331604e-01 6.267983179487895962e-01
4.014014014014014364e+00 6.856119927770183420e-01 6.848865148695018057e-01 6.863374706845348783e-01
4.024024024024024371e+00 7.447980690881947918e-01 7.440255961788995176e-01 7.455705419974900661e-01
4.034034034034034377e+00 8.028239141975853643e-01 8.020085006525453641e-01 8.036393277426253645e-01
4.044044044044044384e+00 8.588395749752861796e-01 8.579860875591448499e-01 8.596930623914275094e-01
4.054054054054054390e+00 9.120337688319342107e-01 9.111477402321985775e-01 9.129197974316698438e-01
4.064064064064064397e+00 9.616641757885829866e-01 9.607516226239406487e-01 9.625767289532253246e-01
4.074074074074074403e+00 1.007084914274491316e+00 1.006152127504283289e+00 1.008017701044699344e+00
4.084084084084084409e+00 1.047769577867344148e+00 1.046822895671644327e+00 1.048716260063043970e+00
4.094094094094094416e+00 1.083328484870708319e+00 1.082374059737756244e+00 1.084282910003660394e+00
4.104104104104104422e+00 1.113519172253373712e+00 1.112562745081286497e+00 1.114475599425460928e+00
4.114114114114114429e+00 1.138249618339583380e+00 1.137296312746065574e+00 1.139202923933101186e+00
4.124124124124124435e+00 1.157574166235906699e+00 1.156628315896754300e+00 1.158520016575059097e+00
4.134134134134134442e+00 1.171682601011637681e+00 1.170747621626700985e+00 1.172617580396574377e+00
4.144144144144144448e+00 1.180883268309191658e+00 1.179961583604290043e+00 1.181804953014093273e+00
4.154154154154154455e+00 1.185581476005484580e+00 1.184674503887440666e+00 1.186488448123528494e+00
4.164164164164164461e+00 1.186254668164181902e+00 1.185362868681283821e+00 1.187146467647079984e+00
4.174174174174174468e+00 1.183425987050025663e+00 1.182548968306910586e+00 1.184303005793140739e+00
4.184184184184184474e+00 1.177637841362710880e+00 1.176774513516315013e+00 1.178501169209106747e+00
4.194194194194194480e+00 1.169426985230012983e+00 1.168575747143270949e+00 1.170278223316755017e+00
4.204204204204204487e+00 1.159302400577784109e+00 1.158461339942865154e+00 1.160143461212703064e+00
4.214214214214214493e+00 1.147726989978785417e+00 1.146894076925149220e+00 1.148559903032421614e+00
4.224224224224224500e+00 1.135103756676166586e+00 1.134277013522623667e+00 1.135930499829709506e+00
4.234234234234234506e+00 1.121766802744581737e+00 1.120944438039042756e+00 1.122589167450120717e+00
4.244244244244244513e+00 1.107977142867968334e+00 1.107157644665928142e+00 1.108796641070008526e+00
4.254254254254254519e+00 1.093923033299317504e+00 1.093105222949724231e+00 1.094740843648910777e+00
4.264264264264264526e+00 1.079724270742050685e+00 1.078907322891496490e+00 1.080541218592604880e+00
4.274274274274274532e+00 1.065439735172735158e+00 1.064623171727173467e+00 1.066256298618296849e+00
4.284284284284284539e+00 1.051077338543287443e+00 1.050261004224168015e+00 1.051893672862406870e+00
4.294294294294294545e+00 1.036605496585699893e+00 1.035789522261136186e+00 1.037421470910263599e+00
4.304304304304304551e+00 1.021965257574901864e+00 1.021150015617210194e+00 1.022780499532593534e+00
4.314314314314314558e+00 1.007082290459335505e+00 1.006268344684385418e+00 1.007896236234285592e+00
4.324324324324324564e+00 9.918780437162256769e-01 9.910660954082548546e-01 9.926899920241964992e-01
4.334334334334334571e+00 9.762795232500700582e-01 9.754703544849335772e-01 9.770886920152065391e-01
4.344344344344344577e+00 9.602272903800218584e-01 9.594217062207553992e-01 9.610328745392883176e-01
4.354354354354354584e+00 9.436814381111391370e-01 9.428802100124026309e-01 9.444826662098756431e-01
4.364364364364364590e+00 9.266254555023376582e-01 9.258292691126726037e-01 9.274216418920027127e-01
4.374374374374374597e+00 9.090680277774056961e-01 9.082774389571610651e-01 9.098586165976503271e-01
4.384384384384384603e+00 8.910429374488425536e-01 8.902583404592856464e-01 8.918275344383994607e-01
4.394394394394394610e+00 8.726073245857721705e-01 8.718289358675812561e-01 8.733857133039630849e-01
4.404404404404404616e+00 8.538386297503991473e-01 8.530664894351855931e-01 8.546107700656127015e-01
4.414414414414414622e+00 8.348305801414440674e-01 8.340645715199455079e-01 8.355965887629426270e-01
4.424424424424424629e+00 8.156885889088986152e-01 8.149284737744494356e-01 8.164487040433477949e-01
4.434434434434434635e+00 7.965249218117705921e-01 7.957703873118615601e-01 7.972794563116796240e-01
4.444444444444444642e+00 7.774539481399890262e-01 7.767046589723179961e-01 7.782032373076600562e-01
4.454454454454454648e+00 7.585877390046555924e-01 7.578433879009878194e-01 7.593320901083233654e-01
4.464464464464464655e+00 7.400322114056008260e-01 7.392925610878352538e-01 7.407718617233663982e-01
4.474474474474474661e+00 7.218839469756453964e-01 7.211488581140788057e-01 7.226190358372119871e-01
4.484484484484484668e+00 7.042277459684358476e-01 7.034971878424766123e-01 7.049583040943950829e-01
4.494494494494494674e+00 6.871349153344862293e-01 6.864089584551463785e-01 6.878608722138260800e-01
4.504504504504504681e+00 6.706622390649669141e-01 6.699410315078729861e-01 6.713834466220608421e-01
4.514514514514514687e+00 6.548515424750458447e-01 6.541352737258621097e-01 6.555678112242295796e-01
4.524524524524524693e+00 6.397297412695880370e-01 6.390185987831532577e-01 6.404408837560228163e-01
4.534534534534534700e+00 6.253092609571991867e-01 6.246033853048342799e-01 6.260151366095640935e-01
4.544544544544544706e+00 6.115887207628553091e-01 6.108881652188394851e-01 6.122892763068711330e-01
4.554554554554554713e+00 5.985537956337451115e-01 5.978584954134775753e-01 5.992490958540126478e-01
4.564564564564564719e+00 5.861781963097068004e-01 5.854879515179662874e-01 5.868684411014473135e-01
4.574574574574574726e+00 5.744247363478045543e-01 5.737392111351572455e-01 5.751102615604518631e-01
4.584584584584584732e+00 5.632464821062183047e-01 5.625652206976622383e-01 5.639277435147743711e-01
4.594594594594594739e+00 5.525880031875802789e-01 5.519104615154376559e-01 5.532655448597229020e-01
4.604604604604604745e+00 5.423867538284194989e-01 5.417123436952935300e-01 5.430611639615454678e-01
4.614614614614614752e+00 5.325746185313003922e-01 5.319027597972215693e-01 5.332464772653792151e-01
4.624624624624624758e+00 5.230796475623911146e-01 5.224098230123048747e-01 5.237494721124773545e-01
4.634634634634634764e+00 5.138279908165687138e-01 5.131597982438683703e-01 5.144961833892690573e-01
4.644644644644644771e+00 5.047460142083991519e-01 5.040792108290855777e-01 5.054128175877127260e-01
4.654654654654654777e+00 4.957625542997777801e-01 4.950970897287039207e-01 4.964280188708516395e-01
4.664664664664664784e+00 4.868112379703448123e-01 4.861472733904196875e-01 4.874752025502699371e-01
4.674674674674674790e+00 4.778327683290573002e-01 4.771706808949061629e-01 4.784948557632084376e-01
4.684684684684684797e+00 4.687770591983372315e-01 4.681174319247390914e-01 4.694366864719353716e-01
4.694694694694694803e+00 4.596050911408954831e-01 4.589486894222898905e-01 4.602614928595010757e-01
4.704704704704704810e+00 4.502903639309009942e-01 4.496381004165279083e-01 4.509426274452740802e-01
4.714714714714714816e+00 4.408198342224564081e-01 4.401727241074540609e-01 4.414669443374587554e-01
4.724724724724724823e+00 4.311942523346969924e-01 4.305533613353157985e-01 4.318351433340781864e-01
4.734734734734734829e+00 4.214278467765496528e-01 4.207942342513856793e-01 4.220614593017136262e-01
4.744744744744744835e+00 4.115473465973864542e-01 4.109220065379658449e-01 4.121726866568070635e-01
4.754754754754754842e+00 4.015903763614918076e-01 4.009741793340896310e-01 4.022065733888939842e-01
4.764764764764764848e+00 3.916033026040882103e-01 3.909969421470885775e-01 3.922096630610878432e-01
4.774774774774774855e+00 3.816386501222464034e-01 3.810425974910975344e-01 3.822347027533952724e-01
4.784784784784784861e+00 3.717522378413737338e-01 3.711667091883648073e-01 3.723377664943826604e-01
4.794794794794794868e+00 3.620002044477902969e-01 3.614251443278663767e-01 3.625752645677142172e-01
4.804804804804804874e+00 3.524361016511979861e-01 3.518711859581692414e-01 3.530010173442267307e-01
4.814814814814814881e+00 3.431082271655012672e-01 3.425528870912620261e-01 3.436635672397405084e-01
4.824824824824824887e+00 3.340573508287861260e-01 3.335108172209216293e-01 3.346038844366506226e-01
4.834834834834834894e+00 3.253149574454337611e-01 3.247763222665377425e-01 3.258535926243297798e-01
4.844844844844844900e+00 3.169020916227091589e-01 3.163703805844002570e-01 3.174338026610180608e-01
4.854854854854854906e+00 3.088288465009877415e-01 3.083030949997007109e-01 3.093545980022747721e-01
4.864864864864864913e+00 3.010944935839576786e-01 3.005738173814911374e-01 3.016151697864242198e-01
4.874874874874874919e+00 2.936882085939892528e-01 2.931718615353567925e-01 2.942045556526217132e-01
4.884884884884884926e+00 2.865903117374843934e-01 2.860777250113628600e-01 2.871028984636059267e-01
4.894894894894894932e+00 2.797739125937586113e-01 2.792647130587600501e-01 2.802831121287571725e-01
4.904904904904904939e+00 2.732068317466803675e-01 2.727008399436323116e-01 2.737128235497284234e-01
4.914914914914914945e+00 2.668536639326124504e-01 2.663508749437851764e-01 2.673564529214397245e-01
4.924924924924924952e+00 2.606778505282669189e-01 2.601784024558465580e-01 2.611772986006872799e-01
4.934934934934934958e+00 2.546436413888767403e-01 2.541477768282742189e-01 2.551395059494792616e-01
4.944944944944944965e+00 2.487178454122318805e-01 2.482258710347927388e-01 2.492098197896710221e-01
4.954954954954954971e+00 2.428712933567785393e-01 2.423835418491692706e-01 2.433590448643878079e-01
4.964964964964964977e+00 2.370799628491683797e-01 2.365967602641580181e-01 2.375631654341787413e-01
4.974974974974974984e+00 2.313257417711790942e-01 2.308473820754085026e-01 2.318041014669496858e-01
4.984984984984984990e+00 2.255968302709754902e-01 2.251235577211161409e-01 2.260701028208348395e-01
4.994994994994994997e+00 2.198878019639660120e-01 2.194198010297709611e-01 2.203558028981610628e-01
5.005005005005005003e+00 2.141993605378897103e-01 2.137367524794518137e-01 2.146619685963276070e-01
5.015015015015015010e+00 2.085378386126201244e-01 2.080806835075625916e-01 2.089949937176776573e-01
5.025025025025025016e+00 2.029144915174301012e-01 2.024627944664018631e-01 2.033661885684583392e-01
5.035035035035035023e+00 1.973446402399800514e-01 1.968983605647283142e-01 1.977909199152317887e-01
5.045045045045045029e+00 1.918467160438660501e-01 1.914057784298695553e-01 1.922876536578625450e-01
5.055055055055055035e+00 1.864412551372772453e-01 1.860055617788110016e-01 1.868769484957434890e-01
5.065065065065065042e+00 1.811498862756761308e-01 1.807193291129312318e-01 1.815804434384210297e-01
5.075075075075075048e+00 1.759943481414747157e-01 1.755688202470230830e-01 1.764198760359263485e-01
5.085085085085085055e+00 1.709955674043079632e-01 1.705749725362160629e-01 1.714161622723998635e-01
5.095095095095095061e+00 1.661728229301571991e-01 1.657570823021148054e-01 1.665885635581995927e-01
5.105105105105105068e+00 1.615430168423016011e-01 1.611320723408543043e-01 1.619539613437488978e-01
5.115115115115115074e+00 1.571200690002536315e-01 1.567138824418554954e-01 1.575262555586517677e-01
5.125125125125125081e+00 1.529144477597251528e-01 1.525129963057256510e-01 1.533158992137246546e-01
5.135135135135135087e+00 1.489328463232625355e-01 1.485361147808675064e-01 1.493295778656575645e-01
5.145145145145145094e+00 1.451780102855398935e-01 1.447859815966275332e-01 1.455700389744522538e-01
5.155155155155155100e+00 1.416487178654040335e-01 1.412613634879921753e-01 1.420360722428158917e-01
5.165165165165165106e+00 1.383399096465160460e-01 1.379571816500483050e-01 1.387226376429837871e-01
5.175175175175175113e+00 1.352429594110934608e-01 1.348647858713638570e-01 1.356211329508230645e-01
5.185185185185185119e+00 1.323460719969288268e-01 1.319723566975535278e-01 1.327197872963041259e-01
5.195195195195195126e+00 1.296347883439589177e-01 1.292654149589082258e-01 1.300041617290096096e-01
5.205205205205205132e+00 1.270925724601465745e-01 1.267274124671687319e-01 1.274577324531244171e-01
5.215215215215215139e+00 1.247014504463148238e-01 1.243403732042388105e-01 1.250625276883908510e-01
5.225225225225225145e+00 1.224426685155051014e-01 1.220855514193798508e-01 1.227997856116303521e-01
5.235235235235235152e+00 1.202973356111340930e-01 1.199440721452356973e-01 1.206505990770324888e-01
5.245245245245245158e+00 1.182470171329185887e-01 1.178975209999893470e-01 1.185965132658478305e-01
5.255255255255255165e+00 1.162742495965274070e-01 1.159284538321271457e-01 1.166200453609276683e-01
5.265265265265265171e+00 1.143629517254350358e-01 1.140208026480207110e-01 1.147051008028493607e-01
5.275275275275275177e+00 1.124987151944966124e-01 1.121601620012454281e-01 1.128372683877477967e-01
5.285285285285285184e+00 1.106689674644227017e-01 1.103339490841637044e-01 1.110039858446816990e-01
5.295295295295295190e+00 1.088630091151827628e-01 1.085314404504282848e-01 1.091945777799372408e-01
5.305305305305305197e+00 1.070719379222400264e-01 1.067436977950922961e-01 1.074001780493877567e-01
5.315315315315315203e+00 1.052884806983244714e-01 1.049634036616737126e-01 1.056135577349752303e-01
5.325325325325325210e+00 1.035067607770181752e-01 1.031846345071598253e-01 1.038288870468765251e-01
5.335335335335335216e+00 1.017220332322907039e-01 1.014026025521301277e-01 1.020414639124512801e-01
5.345345345345345223e+00 9.993042104029391248e-02 9.961339881891420611e-02 1.002474432616736189e-01
5.355355355355355229e+00 9.812868323203885468e-02 9.781376756088318303e-02 9.844359890319452633e-02
5.365365365365365236e+00 9.631404082712595460e-02 9.600093708422485772e-02 9.662714457002705148e-02
5.375375375375375242e+00 9.448407847766358836e-02 9.417252425469585519e-02 9.479563270063132152e-02
5.385385385385385248e+00 9.263673007056488773e-02 9.232652053212654641e-02 9.294693960900322904e-02
5.395395395395395255e+00 9.077034602714630085e-02 9.046135714487059387e-02 9.107933490942200783e-02
5.405405405405405261e+00 8.888382980067793815e-02 8.857603706181201020e-02 8.919162253954386610e-02
5.415415415415415268e+00 8.697682219573882323e-02 8.667031278876681510e-02 8.728333160271083135e-02
5.425425425425425274e+00 8.504990558294339698e-02 8.474488264318709441e-02 8.535492852269969954e-02
5.435435435435435281e+00 8.310479659086471294e-02 8.280157476630356506e-02 8.340801841542586081e-02
5.445445445445445287e+00 8.114449583981350744e-02 8.084348813866780448e-02 8.144550354095921041e-02
5.455455455455455294e+00 7.917336678924345728e-02 7.887506334301902511e-02 7.947167023546788944e-02
5.465465465465465300e+00 7.719712247267720984e-02 7.690206246116247646e-02 7.749218248419194321e-02
5.475475475475475307e+00 7.522270811398172607e-02 7.493144663987720555e-02 7.551396958808624660e-02
5.485485485485485313e+00 7.325807839852739589e-02 7.297115056483932660e-02 7.354500623221546518e-02
5.495495495495495319e+00 7.131187937448915659e-02 7.102976419970864763e-02 7.159399454926966555e-02
5.505505505505505326e+00 6.939305538727066902e-02 6.911614246850829313e-02 6.966996830603304491e-02
5.515515515515515332e+00 6.751040997913937414e-02 6.723897193359763824e-02 6.778184802468111003e-02
5.525525525525525339e+00 6.567215538744394787e-02 6.540632899056522676e-02 6.593798178432266899e-02
5.535535535535535345e+00 6.388548751786157776e-02 6.362526601339470178e-02 6.414570902232845373e-02
5.545545545545545352e+00 6.215622179254256391e-02 6.190145998295363411e-02 6.241098360213149371e-02
5.555555555555555358e+00 6.048852021642567300e-02 6.023895261647643079e-02 6.073808781637491522e-02
5.565565565565565365e+00 5.888473189277416281e-02 5.864000253234004367e-02 5.912946125320828195e-02
5.575575575575575371e+00 5.734535890415187742e-02 5.710505955459858202e-02 5.758565825370517283e-02
5.585585585585585378e+00 5.586914804379793792e-02 5.563286011944292703e-02 5.610543596815294881e-02
5.595595595595595384e+00 5.445329753328832095e-02 5.422063212221058665e-02 5.468596294436605526e-02
5.605605605605605390e+00 5.309375777320769763e-02 5.286438847126380403e-02 5.332312707515159123e-02
5.615615615615615397e+00 5.178559737104846544e-02 5.155928182967322443e-02 5.201191291242370646e-02
5.625625625625625403e+00 5.052340093814020050e-02 5.029998898260101825e-02 5.074681289367938275e-02
5.635635635635635410e+00 4.930166386454230831e-02 4.908109220865138067e-02 4.952223552043323596e-02
5.645645645645645416e+00 4.811515150169756727e-02 4.789742700861055608e-02 4.833287599478457847e-02
5.655655655655655423e+00 4.695919556015457075e-02 4.674437037307561243e-02 4.717402074723352906e-02
5.665665665665665429e+00 4.582990838192289168e-02 4.561805097391484487e-02 4.604176578993093849e-02
5.675675675675675436e+00 4.472430514225134851e-02 4.451547146276620126e-02 4.493313882173649576e-02
5.685685685685685442e+00 4.364033390244669713e-02 4.343454244621376692e-02 4.384612535867962735e-02
5.695695695695695449e+00 4.257682268790936170e-02 4.237403659318226407e-02 4.277960878263645933e-02
5.705705705705705455e+00 4.153336042594532596e-02 4.133347870933453544e-02 4.173324214255611647e-02
5.715715715715715461e+00 4.051013388376747265e-02 4.031299270920538774e-02 4.070727505832955756e-02
5.725725725725725468e+00 3.950774523093341511e-02 3.931312878265916938e-02 3.970236167920766085e-02
5.735735735735735474e+00 3.852703438319739909e-02 3.833469360993251723e-02 3.871937515646228095e-02
5.745745745745745481e+00 3.756892707823889649e-02 3.737860349197734411e-02 3.775925066450044887e-02
5.755755755755755487e+00 3.663432420455827593e-02 3.644577525479596875e-02 3.682287315432058311e-02
5.765765765765765494e+00 3.572404100331635218e-02 3.553706344361898944e-02 3.591101856301371492e-02
5.775775775775775500e+00 3.483879727735767623e-02 3.465324540502639356e-02 3.502434914968895890e-02
5.785785785785785507e+00 3.397925258992505471e-02 3.379504913881582751e-02 3.416345604103428191e-02
5.795795795795795513e+00 3.314607445590025264e-02 3.296321303383487056e-02 3.332893587796563473e-02
5.805805805805805520e+00 3.234002338424963457e-02 3.215856244179603890e-02 3.252148432670323025e-02
5.815815815815815526e+00 3.156203673786855957e-02 3.138208597610652600e-02 3.174198749963059313e-02
5.825825825825825532e+00 3.081329386567594614e-02 3.063499467719445202e-02 3.099159305415744026e-02
5.835835835835835539e+00 3.009524766957033526e-02 2.991874967973124494e-02 3.027174565940942558e-02
5.845845845845845545e+00 2.940961227384898680e-02 2.923504836289647982e-02 2.958417618480149378e-02
5.855855855855855552e+00 2.875830214679235206e-02 2.858576452832292322e-02 2.893083976526178089e-02
5.865865865865865558e+00 2.814332414932883136e-02 2.797284414988064280e-02 2.831380414877701993e-02
5.875875875875875565e+00 2.756662980131448920e-02 2.739816386366804996e-02 2.773509573896092845e-02
5.885885885885885571e+00 2.702993988469938255e-02 2.686336389649180215e-02 2.719651587290696296e-02
5.895895895895895578e+00 2.653455682347451855e-02 2.636967005197336789e-02 2.669944359497566921e-02
5.905905905905905584e+00 2.608118178481153016e-02 2.591772045780876138e-02 2.624464311181429893e-02
5.915915915915915591e+00 2.566975306630578033e-02 2.550741211228278391e-02 2.583209402032877675e-02
5.925925925925925597e+00 2.529932023665083449e-02 2.513778019806697100e-02 2.546086027523469797e-02
5.935935935935935603e+00 2.496796504410208478e-02 2.480692012701203597e-02 2.512900996119213359e-02
5.945945945945945610e+00 2.467277579643474897e-02 2.451195878246264018e-02 2.483359281040685776e-02
5.955955955955955616e+00 2.440987730401483410e-02 2.424907775894070971e-02 2.457067684908895849e-02
5.965965965965965623e+00 2.417451409921305555e-02 2.401358778829264240e-02 2.433544041013346870e-02
5.975975975975975629e+00 2.396118094397516399e-02 2.380005019610776512e-02 2.412231169184256285e-02
5.985985985985985636e+00 2.376379191230784671e-02 2.360243839287757758e-02 2.392514543173811584e-02
5.995995995995995642e+00 2.357587771509411095e-02 2.341433030419584616e-02 2.373742512599237575e-02
6.006006006006005649e+00 2.339080038236203765e-02 2.322912142358372900e-02 2.355247934114034630e-02
6.016016016016015655e+00 2.320197475446026530e-02 2.304024781977986533e-02 2.336370168914066528e-02
6.026026026026025662e+00 2.300308718836991534e-02 2.284140879703784599e-02 2.316476557970198469e-02
6.036036036036035668e+00 2.278830315543171892e-02 2.262677976602188792e-02 2.294982654484154991e-02
6.046046046046045674e+00 2.255245671440363198e-02 2.239120700753871249e-02 2.271370642126855147e-02
6.056056056056055681e+00 2.229121598545377378e-02 2.213037722467496582e-02 2.245205474623258174e-02
6.066066066066065687e+00 2.200121962734954972e-02 2.184095596906476117e-02 2.216148328563433828e-02
6.076076076076075694e+00 2.168017994545784824e-02 2.152069014063937719e-02 2.183966975027631929e-02
6.086086086086085700e+00 2.132694874427350229e-02 2.116847079374934576e-02 2.148542669479765882e-02
6.096096096096095707e+00 2.094154256244711021e-02 2.078435348200574281e-02 2.109873164288847761e-02
6.106106106106105713e+00 2.052512468837826287e-02 2.036953443517244833e-02 2.068071494158407742e-02
6.116116116116115720e+00 2.007994252035672986e-02 1.992628211368247665e-02 2.023360292703098307e-02
6.126126126126125726e+00 1.960922050664009458e-02 1.945782525477189606e-02 1.976061575850829310e-02
6.136136136136135732e+00 1.911701107788027487e-02 1.896820047730500905e-02 1.926582167845554069e-02
6.146146146146145739e+00 1.860800855612359736e-02 1.846206481838631730e-02 1.875395229386087742e-02
6.156156156156155745e+00 1.808733377776514106e-02 1.794448108384792684e-02 1.823018647168235529e-02
6.166166166166165752e+00 1.756029981252953120e-02 1.742068635110862254e-02 1.769991327395043987e-02
6.176176176176175758e+00 1.703217137029108472e-02 1.689585604291337501e-02 1.716848669766879443e-02
6.186186186186185765e+00 1.650793194583837289e-02 1.637487735344218820e-02 1.664098653823455759e-02
6.196196196196195771e+00 1.599207319851845416e-02 1.586214615357076432e-02 1.612200024346614399e-02
6.206206206206205778e+00 1.548842033497360715e-02 1.536140062616443355e-02 1.561544004378278075e-02
6.216216216216215784e+00 1.500000531776502291e-02 1.487560273197230734e-02 1.512440790355773848e-02
6.226226226226225791e+00 1.452899665346867909e-02 1.440687531703664301e-02 1.465111798990071518e-02
6.236236236236235797e+00 1.407669054196086615e-02 1.395649856804883314e-02 1.419688251587289916e-02
6.246246246246245803e+00 1.364356362170750583e-02 1.352496505825477591e-02 1.376216218516023576e-02
6.256256256256255810e+00 1.322938282365410459e-02 1.311208827634142288e-02 1.334667737096678630e-02
6.266266266266265816e+00 1.283336337775787400e-02 1.271715566815175176e-02 1.294957108736399624e-02
6.276276276276275823e+00 1.245436221367767979e-02 1.233911407485096742e-02 1.256961035250439215e-02
6.286286286286285829e+00 1.209109121262375540e-02 1.197677315408769184e-02 1.220540927115981895e-02
6.296296296296295836e+00 1.174233325578556003e-02 1.162901104426243039e-02 1.185565546730868967e-02
6.306306306306305842e+00 1.140714390822815914e-02 1.129496631774304025e-02 1.151932149871327804e-02
6.316316316316315849e+00 1.108502287288450419e-02 1.097420127801106496e-02 1.119584446775794342e-02
6.326326326326325855e+00 1.077604191216509702e-02 1.066682388765488945e-02 1.088525993667530459e-02
6.336336336336335862e+00 1.048091951405566782e-02 1.037355890955063593e-02 1.058828011856069971e-02
6.346346346346345868e+00 1.020103683786440125e-02 1.009576289722273305e-02 1.030631077850606946e-02
6.356356356356355874e+00 9.938394024973091004e-03 9.835382084499534258e-03 1.004140596544664775e-02
6.366366366366365881e+00 9.695510406846087267e-03 9.594856572667530281e-03 9.796164241024644254e-03
6.376376376376375887e+00 9.475276123292578762e-03 9.376978094836542488e-03 9.573574151748615035e-03
6.386386386386385894e+00 9.280765882920061563e-03 9.184711719607271257e-03 9.376820046232851869e-03
6.396396396396395900e+00 9.115027851697354508e-03 9.020993909853921092e-03 9.209061793540787924e-03
6.406406406406405907e+00 8.980861846901128792e-03 8.888520285325855405e-03 9.073203408476402179e-03
6.416416416416416801e+00 8.880601150080840236e-03 8.789536323635046416e-03 8.971665976526634056e-03
6.426426426426426808e+00 8.815911434369896882e-03 8.725643309172014320e-03 8.906179559567779444e-03
6.436436436436436814e+00 8.787618699101195849e-03 8.697630428574677081e-03 8.877606969627714617e-03
6.446446446446446821e+00 8.795575930617173521e-03 8.705342283934398157e-03 8.885809577299948886e-03
6.456456456456456827e+00 8.838575686394165021e-03 8.747589332686536365e-03 8.929562040101793677e-03
6.466466466466466834e+00 8.914313138376935008e-03 8.822106765057364380e-03 9.006519511696505637e-03
6.476476476476476840e+00 9.019401482331558181e-03 8.925564977700082767e-03 9.113237986963033596e-03
6.486486486486486847e+00 9.149439145964655823e-03 9.053632141783897816e-03 9.245246150145413830e-03
6.496496496496496853e+00 9.299125981459880480e-03 9.201086633396325654e-03 9.397165329523435306e-03
6.506506506506506859e+00 9.462423635660835788e-03 9.361974589427684082e-03 9.562872681893987495e-03
6.516516516516516866e+00 9.632753550507473783e-03 9.529805770555753452e-03 9.735701330459194114e-03
6.526526526526526872e+00 9.803224541418529073e-03 9.697779296699517507e-03 9.908669786137540639e-03
6.536536536536536879e+00 9.966880620400582480e-03 9.859029603427559713e-03 1.007473163737360525e-02
6.546546546546546885e+00 1.011695868089343767e-02 1.000688206145274387e-02 1.022703530033413147e-02
6.556556556556556892e+00 1.024714487732020229e-02 1.013510705859302884e-02 1.035918269604737575e-02
6.566566566566566898e+00 1.035181807724360262e-02 1.023816098384071338e-02 1.046547517064649185e-02
6.576576576576576905e+00 1.042626872324943846e-02 1.031140255332958951e-02 1.054113489316928741e-02
6.586586586586586911e+00 1.046688190921554046e-02 1.035127338549614827e-02 1.058249043293493265e-02
6.596596596596596918e+00 1.047127453612867534e-02 1.035543277354437561e-02 1.058711629871297508e-02
6.606606606606606924e+00 1.043837812137268090e-02 1.032283829225993411e-02 1.055391795048542768e-02
6.616616616616616930e+00 1.036846119970501363e-02 1.025376623384926557e-02 1.048315616556076170e-02
6.626626626626626937e+00 1.026308821900305014e-02 1.014976884539697810e-02 1.037640759260912218e-02
6.636636636636636943e+00 1.012501527490098328e-02 1.001356881591765682e-02 1.023646173388430974e-02
6.646646646646646950e+00 9.958026753372420034e-03 9.848895240523384068e-03 1.006715826622145600e-02
6.656656656656656956e+00 9.766720709838014325e-03 9.660269121481400434e-03 9.873172298194628216e-03
6.666666666666666963e+00 9.556254320705195177e-03 9.452750059553552409e-03 9.659758581856837945e-03
6.676676676676676969e+00 9.332063700476605356e-03 9.231658832995943281e-03 9.432468567957267430e-03
6.686686686686686976e+00 9.099574506036158320e-03 9.002292743400265237e-03 9.196856268672051402e-03
6.696696696696696982e+00 8.863920820897657968e-03 8.769651628827252257e-03 8.958190012968063679e-03
6.706706706706706989e+00 8.629689675260950738e-03 8.538192045807517505e-03 8.721187304714383970e-03
6.716716716716716995e+00 8.400707160439136248e-03 8.311625142752743223e-03 8.489789178125529273e-03
6.726726726726727001e+00 8.179879496219986251e-03 8.092770250999309009e-03 8.266988741440663493e-03
6.736736736736737008e+00 7.969098774366112012e-03 7.883471640728922578e-03 8.054725908003301446e-03
6.746746746746747014e+00 7.769218695937936230e-03 7.684581045533813923e-03 7.853856346342058536e-03
6.756756756756757021e+00 7.580100784698238017e-03 7.496004333890661335e-03 7.664197235505814700e-03
6.766766766766767027e+00 7.400726677552015194e-03 7.316807491455487242e-03 7.484645863648543146e-03
6.776776776776777034e+00 7.229367557115036827e-03 7.145374518694556400e-03 7.313360595535517254e-03
6.786786786786787040e+00 7.063797962098764503e-03 6.979607280582143976e-03 7.147988643615385031e-03
6.796796796796797047e+00 6.901538384410277512e-03 6.817154553331293727e-03 6.985922215489261296e-03
6.806806806806807053e+00 6.740109441409737091e-03 6.655654989541472631e-03 6.824563893278001551e-03
6.816816816816817060e+00 6.577280091263705379e-03 6.492977245079769449e-03 6.661582937447641309e-03
6.826826826826827066e+00 6.411293316494299718e-03 6.327440586128573775e-03 6.495146046860025661e-03
6.836836836836837072e+00 6.241054803848456768e-03 6.158000955811352220e-03 6.324108651885561316e-03
6.846846846846847079e+00 6.066273173811298318e-03 5.984390410908845166e-03 6.148155936713751470e-03
6.856856856856857085e+00 5.887543971353312311e-03 5.807201586492592889e-03 5.967886356214031733e-03
6.866866866866867092e+00 5.706373598320819800e-03 5.627912958900850755e-03 5.784834237740788844e-03
6.876876876876877098e+00 5.525143324941261119e-03 5.448854767483793902e-03 5.601431882398728336e-03
6.886886886886887105e+00 5.347017172371926544e-03 5.273119216436967897e-03 5.420915128306885190e-03
6.896896896896897111e+00 5.175800576054861296e-03 5.104421790049454288e-03 5.247179362060268304e-03
6.906906906906907118e+00 5.015759160481503796e-03 4.946923044903584962e-03 5.084595276059422631e-03
6.916916916916917124e+00 4.871408599970795950e-03 4.805022034930163735e-03 4.937795165011428164e-03
6.926926926926927131e+00 4.747287404694620037e-03 4.683133571815630350e-03 4.811441237573609725e-03
6.936936936936937137e+00 4.647724619277330584e-03 4.585461814535824951e-03 4.709987424018836216e-03
6.946946946946947143e+00 4.576613962638951399e-03 4.515782158723813909e-03 4.637445766554088890e-03
6.956956956956957150e+00 4.537205007358965751e-03 4.477241974052365535e-03 4.597168040665565968e-03
6.966966966966967156e+00 4.531920733240571604e-03 4.472188484369927185e-03 4.591652982111216023e-03
6.976976976976977163e+00 4.562209316412085131e-03 4.502029498726905533e-03 4.622389134097264728e-03
6.986986986986987169e+00 4.628436427560890867e-03 4.567130708451983684e-03 4.689742146669798051e-03
6.996996996996997176e+00 4.729822671890983668e-03 4.666752580440015202e-03 4.792892763341952134e-03
7.007007007007007182e+00 4.864429137127705000e-03 4.799030169747794949e-03 4.929828104507615050e-03
7.017017017017017189e+00 5.029192326563632076e-03 4.960999182959722684e-03 5.097385470167541469e-03
7.027027027027027195e+00 5.220008029922405639e-03 5.148670335049693007e-03 5.291345724795118270e-03
7.037037037037037202e+00 5.431861913667956031e-03 5.357151543439954595e-03 5.506572283895957466e-03
7.047047047047047208e+00 5.659002795337377337e-03 5.580814603757892553e-03 5.737190986916862120e-03
7.057057057057057214e+00 5.895152728122704348e-03 5.813500380115368960e-03 5.976805076130039737e-03
7.067067067067067221e+00 6.133746216423902053e-03 6.048754437098237749e-03 6.218737995749566358e-03
7.077077077077077227e+00 6.368189194755630687e-03 6.280083369246101249e-03 6.456295020265160126e-03
7.087087087087087234e+00 6.592126940853084045e-03 6.501220749986327645e-03 6.683033131719840446e-03
7.097097097097097240e+00 6.799708984533377361e-03 6.706390622914114828e-03 6.893027346152639893e-03
7.107107107107107247e+00 6.985838445156497024e-03 6.890555878449239162e-03 7.081121011863754887e-03
7.117117117117117253e+00 7.146393198922443638e-03 7.049638821062877841e-03 7.243147576782009434e-03
7.127127127127127260e+00 7.278406932726471865e-03 7.180701852412521916e-03 7.376112013040421814e-03
7.137137137137137266e+00 7.380199534076895169e-03 7.282077552525568348e-03 7.478321515628221991e-03
7.147147147147147273e+00 7.451448396653895766e-03 7.353439558060752800e-03 7.549457235247038732e-03
7.157157157157157279e+00 7.493195031597929372e-03 7.395808472827213390e-03 7.590581590368645354e-03
7.167167167167167285e+00 7.507784749657838395e-03 7.411490494378944645e-03 7.604079004936732146e-03
7.177177177177177292e+00 7.498740946554214616e-03 7.403950333991784170e-03 7.593531559116645062e-03
7.187187187187187298e+00 7.470579462070321003e-03 7.377624128097011458e-03 7.563534796043630548e-03
7.197197197197197305e+00 7.428572334576108611e-03 7.337682133282622671e-03 7.519462535869594552e-03
7.207207207207207311e+00 7.378473759016415667e-03 7.289754782912650360e-03 7.467192735120180974e-03
7.217217217217217318e+00 7.326223900075114898e-03 7.239638846024954583e-03 7.412808954125275213e-03
7.227227227227227324e+00 7.277648158153056032e-03 7.193002589553933873e-03 7.362293726752178191e-03
7.237237237237237331e+00 7.238170324844980276e-03 7.155109527900751533e-03 7.321231121789209019e-03
7.247247247247247337e+00 7.212557655782463571e-03 7.130579032891027312e-03 7.294536278673899830e-03
7.257257257257257343e+00 7.204714177959389496e-03 7.123198508250471947e-03 7.286229847668307044e-03
7.267267267267267350e+00 7.217535581975928136e-03 7.135796529359645334e-03 7.299274634592210938e-03
7.277277277277277356e+00 7.252834978602270069e-03 7.170180883366116323e-03 7.335489073838423815e-03
7.287287287287287363e+00 7.311343877153677479e-03 7.227141602631222128e-03 7.395546151676132829e-03
7.297297297297297369e+00 7.392787312222847025e-03 7.306517184903858070e-03 7.479057439541835980e-03
7.307307307307307376e+00 7.496026512370557691e-03 7.407320543197367518e-03 7.584732481543747865e-03
7.317317317317317382e+00 7.619257310267756739e-03 7.527917884922462853e-03 7.710596735613050624e-03
7.327327327327327389e+00 7.760248075916085023e-03 7.666248570162717026e-03 7.854247581669452152e-03
7.337337337337337395e+00 7.916597707154368960e-03 7.820068701395274657e-03 8.013126712913463262e-03
7.347347347347347402e+00 8.085992447242789857e-03 7.987197566805078267e-03 8.184787327680501448e-03
7.357357357357357408e+00 8.266440215687665544e-03 8.165744968686919694e-03 8.367135462688411393e-03
7.367367367367367414e+00 8.456462794622535833e-03 8.354298891159173818e-03 8.558626698085897849e-03
7.377377377377377421e+00 8.655229517276392254e-03 8.552056461645479377e-03 8.758402572907305131e-03
7.387387387387387427e+00 8.862620817035043660e-03 8.758886220585453131e-03 8.966355413484634190e-03
7.397397397397397434e+00 9.079215743154003468e-03 8.975315822440736377e-03 9.183115663867270559e-03
7.407407407407407440e+00 9.306203858533545342e-03 9.202445925089626499e-03 9.409961791977464185e-03
7.417417417417417447e+00 9.545228272142746925e-03 9.441797620379350359e-03 9.648658923906143492e-03
7.427427427427427453e+00 9.798172378157691750e-03 9.695106702625185674e-03 9.901238053690197827e-03
7.437437437437437460e+00 1.006690766981545131e-02 9.964082721708372725e-03 1.016973261792252989e-02
7.447447447447447466e+00 1.035302335065740355e-02 1.025015352887267625e-02 1.045589317244213085e-02
7.457457457457457473e+00 1.065756009028668086e-02 1.055421652653631449e-02 1.076090365403704723e-02
7.467467467467467479e+00 1.098077003404411382e-02 1.087641618552398146e-02 1.108512388256424619e-02
7.477477477477477485e+00 1.132192311387244556e-02 1.121596431015656030e-02 1.142788191758833082e-02
7.487487487487487492e+00 1.167917602402738023e-02 1.157101604647214552e-02 1.178733600158261494e-02
7.497497497497497498e+00 1.204951526691854825e-02 1.193861137975926572e-02 1.216041915407783079e-02
7.507507507507507505e+00 1.242877989564706957e-02 1.231468859539244440e-02 1.254287119590169475e-02
7.517517517517517511e+00 1.281176349611084543e-02 1.269417209735980087e-02 1.292935489486188999e-02
7.527527527527527518e+00 1.319238908697335441e-02 1.307113173496828214e-02 1.331364643897842669e-02
7.537537537537537524e+00 1.356394545145910360e-02 1.343900495298695937e-02 1.368888594993124784e-02
7.547547547547547531e+00 1.391936934366331570e-02 1.379086777306171366e-02 1.404787091426491774e-02
7.557557557557557537e+00 1.425155530445260804e-02 1.411973679454013933e-02 1.438337381436507675e-02
7.567567567567567544e+00 1.455367360761937630e-02 1.441888250242710605e-02 1.468846471281164655e-02
7.577577577577577550e+00 1.481947712199132607e-02 1.468213414624035436e-02 1.495682009774229777e-02
7.587587587587587556e+00 1.504357947652022916e-02 1.490415800324921929e-02 1.518300094979123903e-02
7.597597597597597563e+00 1.522168960769264279e-02 1.508069357083348383e-02 1.536268564455180174e-02
7.607607607607607569e+00 1.535079124081512210e-02 1.520873574975113891e-02 1.549284673187910528e-02
7.617617617617617576e+00 1.542925977186638750e-02 1.528665501860778514e-02 1.557186452512498986e-02
7.627627627627627582e+00 1.545691304976350849e-02 1.531425164377551301e-02 1.559957445575150398e-02
7.637637637637637589e+00 1.543499642813101792e-02 1.529274386188386736e-02 1.557724899437816848e-02
7.647647647647647595e+00 1.536610594238114677e-02 1.522469352190187857e-02 1.550751836286041498e-02
7.657657657657657602e+00 1.525405642499151615e-02 1.511387575056155792e-02 1.539423709942147438e-02
7.667667667667667608e+00 1.510370372016926581e-02 1.496510172938343187e-02 1.524230571095509974e-02
7.677677677677677615e+00 1.492073187477646785e-02 1.478400560106205019e-02 1.505745814849088551e-02
7.687687687687687621e+00 1.471141727891556866e-02 1.457680783609503587e-02 1.484602672173610145e-02
7.697697697697697627e+00 1.448238223903712367e-02 1.435006807586747084e-02 1.461469640220677650e-02
7.707707707707707634e+00 1.424035042426616965e-02 1.411044051731140218e-02 1.437026033122093711e-02
7.717717717717717640e+00 1.399191606317696721e-02 1.386444430913955951e-02 1.411938781721437490e-02
7.727727727727727647e+00 1.374333770804649774e-02 1.361826018872580590e-02 1.386841522736718957e-02
7.737737737737737653e+00 1.350036585247994456e-02 1.337756272145137343e-02 1.362316898350851568e-02
7.747747747747747660e+00 1.326811172500424497e-02 1.314739507919703704e-02 1.338882837081145291e-02
7.757757757757757666e+00 1.305096225064313747e-02 1.293209046265010771e-02 1.316983403863616724e-02
7.767767767767767673e+00 1.285254357558113930e-02 1.273524128390584979e-02 1.296984586725642881e-02
7.777777777777777679e+00 1.267573282728804568e-02 1.255971440134190376e-02 1.279175125323418760e-02
7.787787787787787686e+00 1.252271510827635513e-02 1.240770833602439401e-02 1.263772188052831626e-02
7.797797797797797692e+00 1.239508028940765859e-02 1.228084666243823252e-02 1.250931391637708466e-02
7.807807807807807698e+00 1.229395216845738728e-02 1.218030063612822803e-02 1.240760370078654654e-02
7.817817817817817705e+00 1.222014115231736392e-02 1.210693345545854616e-02 1.233334884917618168e-02
7.827827827827827711e+00 1.217431091358392795e-02 1.206145822340451076e-02 1.228716360376334513e-02
7.837837837837837718e+00 1.215714949876072620e-02 1.204460164814028129e-02 1.226969734938117111e-02
7.847847847847847724e+00 1.216953608009640510e-02 1.205726585014074530e-02 1.228180631005206490e-02
7.857857857857857731e+00 1.221269582517699702e-02 1.210068137134962842e-02 1.232471027900436562e-02
7.867867867867867737e+00 1.228833702939344068e-02 1.217654556762570381e-02 1.240012849116117755e-02
7.877877877877877744e+00 1.239876650828659367e-02 1.228714188012833795e-02 1.251039113644484939e-02
7.887887887887887750e+00 1.254698107484002699e-02 1.243543686408416990e-02 1.265852528559588408e-02
7.897897897897897757e+00 1.273673456163894324e-02 1.262515318394283326e-02 1.284831593933505323e-02
7.907907907907907763e+00 1.297258118004742874e-02 1.286081802243209046e-02 1.308434433766276703e-02
7.917917917917917769e+00 1.325989700126855089e-02 1.314778752629769745e-02 1.337200647623940433e-02
7.927927927927927776e+00 1.360488203039034692e-02 1.349224906697768858e-02 1.371751499380300526e-02
7.937937937937937782e+00 1.401454580981746287e-02 1.390120423124942620e-02 1.412788738838549954e-02
7.947947947947947789e+00 1.449667984174614344e-02 1.438243651586333660e-02 1.461092316762895027e-02
7.957957957957957795e+00 1.505982045767439298e-02 1.494446859024318487e-02 1.517517232510560109e-02
7.967967967967967802e+00 1.571320613780704742e-02 1.559651462897460213e-02 1.582989764663949098e-02
7.977977977977977808e+00 1.646673367521567580e-02 1.634843353350783415e-02 1.658503381692351744e-02
7.987987987987987815e+00 1.733091788808838185e-02 1.721068878147835601e-02 1.745114699469840769e-02
7.997997997997997821e+00 1.831685963451803664e-02 1.819432004793499966e-02 1.843939922110107363e-02
8.008008008008008716e+00 1.943622645777759103e-02 1.931093050715192161e-02 1.956152240840326045e-02
8.018018018018018722e+00 2.070124906148342395e-02 2.057269177354375395e-02 2.082980634942309395e-02
8.028028028028028729e+00 2.212473480604924478e-02 2.199236582353381389e-02 2.225710378856467567e-02
8.038038038038038735e+00 2.372009645166317515e-02 2.358334012061468615e-02 2.385685278271166415e-02
8.048048048048048742e+00 2.550139051146107713e-02 2.535966873332998195e-02 2.564311228959217231e-02
8.058058058058058748e+00 2.748335505140393417e-02 2.733610861636884271e-02 2.763060148643902564e-02
8.068068068068068754e+00 2.968143197953842724e-02 2.952813649925596293e-02 2.983472745982089155e-02
8.078078078078078761e+00 3.211175435081035229e-02 3.195192817183770129e-02 3.227158052978300329e-02
8.088088088088088767e+00 3.479107561436119156e-02 3.462427878322230784e-02 3.495787244550007528e-02
8.098098098098098774e+00 3.773661571489612954e-02 3.756244073286851143e-02 3.791079069692374764e-02
8.108108108108108780e+00 4.096579914002428796e-02 4.078385557371555503e-02 4.114774270633302089e-02
8.118118118118118787e+00 4.449586285466526625e-02 4.430575870542273476e-02 4.468596700390779775e-02
8.128128128128128793e+00 4.834331784051865838e-02 4.814464089055813661e-02 4.854199479047918014e-02
8.138138138138138800e+00 5.252325664988380383e-02 5.231555883137033874e-02 5.273095446839726891e-02
8.148148148148148806e+00 5.704851067044454382e-02 5.683129792088822962e-02 5.726572342000085802e-02
8.158158158158158813e+00 6.192867405528427321e-02 6.170140324258933245e-02 6.215594486797921397e-02
8.168168168168168819e+00 6.716902559623431912e-02 6.693110907582854041e-02 6.740694211664009783e-02
8.178178178178178825e+00 7.276939408558361078e-02 7.252021147448631244e-02 7.301857669668090911e-02
8.188188188188188832e+00 7.872302566401311041e-02 7.846194165607042748e-02 7.898410967195579335e-02
8.198198198198198838e+00 8.501552200429632333e-02 8.474190862039532313e-02 8.528913538819732354e-02
8.208208208208208845e+00 9.162392472824029688e-02 9.133718631236707741e-02 9.191066314411351634e-02
8.218218218218218851e+00 9.851602319693286702e-02 9.821562265352191956e-02 9.881642374034381449e-02
8.228228228228228858e+00 1.056499590565328217e-01 1.053354441349983739e-01 1.059644739780672695e-01
8.238238238238238864e+00 1.129741913648075191e-01 1.126452200852984531e-01 1.133031626443165851e-01
8.248248248248248871e+00 1.204278709232049355e-01 1.200842353992431916e-01 1.207715064471666794e-01
8.258258258258258877e+00 1.279416522311654925e-01 1.275833001467327754e-01 1.283000043155982095e-01
8.268268268268268884e+00 1.354389473623472950e-01 1.350660002398739179e-01 1.358118944848206722e-01
8.278278278278278890e+00 1.428375995379215224e-01 1.424503667730903922e-01 1.432248323027526526e-01
8.288288288288288896e+00 1.500519270439860664e-01 1.496509145810424601e-01 1.504529395069296727e-01
8.298298298298298903e+00 1.569950623789468924e-01 1.565809749373712756e-01 1.574091498205225093e-01
8.308308308308308909e+00 1.635814890999447158e-01 1.631552250831919404e-01 1.640077531166974911e-01
8.318318318318318916e+00 1.697296615810164888e-01 1.692923001977887087e-01 1.701670229642442689e-01
8.328328328328328922e+00 1.753645822917676567e-01 1.749173629548557707e-01 1.758118016286795426e-01
8.338338338338338929e+00 1.804202082843984478e-01 1.799645029463622370e-01 1.808759136224346586e-01
8.348348348348348935e+00 1.848415638088641844e-01 1.843788434593757464e-01 1.853042841583526223e-01
8.358358358358358942e+00 1.885864492201590192e-01 1.881182462227431740e-01 1.890546522175748645e-01
8.368368368368368948e+00 1.916266568533248893e-01 1.911545250754700942e-01 1.920987886311796844e-01
8.378378378378378954e+00 1.939486310295383265e-01 1.934741057872660375e-01 1.944231562718106154e-01
8.388388388388388961e+00 1.955535400896891429e-01 1.950780997911053805e-01 1.960289803882729054e-01
8.398398398398398967e+00 1.964567612969542465e-01 1.959817923722520228e-01 1.969317302216564702e-01
8.408408408408408974e+00 1.966868124313733701e-01 1.962135787527495845e-01 1.971600461099971557e-01
8.418418418418418980e+00 1.962837947582347642e-01 1.958134123713744235e-01 1.967541771450951049e-01
8.428428428428428987e+00 1.952974387966503467e-01 1.948308564899063344e-01 1.957640211033943589e-01
8.438438438438438993e+00 1.937848652496010904e-01 1.933228513335266130e-01 1.942468791656755678e-01
8.448448448448449000e+00 1.918081872820023015e-01 1.913513229474268218e-01 1.922650516165777812e-01
8.458458458458459006e+00 1.894320862167672148e-01 1.889807659310816512e-01 1.898834065024527784e-01
8.468468468468469013e+00 1.867214903350371269e-01 1.862759298152920073e-01 1.871670508547822465e-01
8.478478478478479019e+00 1.837394760125486692e-01 1.832997282407747008e-01 1.841792237843226376e-01
8.488488488488489025e+00 1.805454926051008879e-01 1.801114719983307744e-01 1.809795132118710015e-01
8.498498498498499032e+00 1.771939884933524390e-01 1.767655026456703138e-01 1.776224743410345641e-01
8.508508508508509038e+00 1.737334871046944118e-01 1.733102745297490643e-01 1.741566996796397593e-01
8.518518518518519045e+00 1.702061304716800672e-01 1.697879016668444874e-01 1.706243592765156469e-01
8.528528528528529051e+00 1.666476761029942466e-01 1.662341543011249811e-01 1.670611979048635121e-01
8.538538538538539058e+00 1.630879028563397282e-01 1.626788603141504086e-01 1.634969453985290477e-01
8.548548548548549064e+00 1.595513552602751683e-01 1.591466410560062883e-01 1.599560694645440484e-01
8.558558558558559071e+00 1.560583352403995816e-01 1.556578913597269354e-01 1.564587791210722278e-01
8.568568568568569077e+00 1.526260369675228323e-01 1.522299008112428520e-01 1.530221731238028127e-01
8.578578578578579084e+00 1.492697155187831526e-01 1.488780086092230670e-01 1.496614224283432382e-01
8.588588588588589090e+00 1.460037835346554014e-01 1.456166878346296933e-01 1.463908792346811094e-01
8.598598598598599096e+00 1.428427416725051025e-01 1.424604663142406136e-01 1.432250170307695913e-01
8.608608608608609103e+00 1.398018673230491116e-01 1.394246095237793859e-01 1.401791251223188373e-01
8.618618618618619109e+00 1.368976100899111925e-01 1.365255145528317948e-01 1.372697056269905902e-01
8.628628628628629116e+00 1.341476698009381741e-01 1.337807909812349649e-01 1.345145486206413832e-01
8.638638638638639122e+00 1.315707609335732553e-01 1.312090322360336958e-01 1.319324896311128148e-01
8.648648648648649129e+00 1.291860938791140057e-01 1.288293071928385825e-01 1.295428805653894289e-01
8.658658658658659135e+00 1.270126262312052390e-01 1.266604242327027674e-01 1.273648282297077106e-01
8.668668668668669142e+00 1.250681544695996517e-01 1.247200368721395197e-01 1.254162720670597975e-01
8.678678678678679148e+00 1.233683268102462038e-01 1.230236702683302208e-01 1.237129833521621869e-01
8.688688688688689155e+00 1.219256610799431956e-01 1.215837509002590661e-01 1.222675712596273251e-01
8.698698698698699161e+00 1.207486474289111017e-01 1.204087177981158774e-01 1.210885770597063260e-01
8.708708708708709167e+00 1.198410053548179671e-01 1.195022837249921505e-01 1.201797269846437838e-01
8.718718718718719174e+00 1.192011492500084785e-01 1.188629000566670674e-01 1.195393984433498896e-01
8.728728728728729180e+00 1.188218982354391495e-01 1.184834613800298947e-01 1.191603350908484044e-01
8.738738738738739187e+00 1.186904463044149288e-01 1.183512667630732540e-01 1.190296258457566037e-01
8.748748748748749193e+00 1.187885896108171885e-01 1.184482359259193957e-01 1.191289432957149813e-01
8.758758758758759200e+00 1.190931907041780785e-01 1.187513616852229614e-01 1.194350197231331956e-01
8.768768768768769206e+00 1.195768458529303246e-01 1.192333662828620883e-01 1.199203254229985610e-01
8.778778778778779213e+00 1.202087120418248029e-01 1.198635193597732129e-01 1.205539047238763928e-01
8.788788788788789219e+00 1.209554450053004770e-01 1.206085697203844592e-01 1.213023202902164949e-01
8.798798798798799226e+00 1.217821985184913414e-01 1.214337414803254717e-01 1.221306555566572111e-01
8.808808808808809232e+00 1.226536374832102733e-01 1.223037471118439967e-01 1.230035278545765498e-01
8.818818818818819238e+00 1.235349222385069973e-01 1.231837744352318464e-01 1.238860700417821481e-01
8.828828828828829245e+00 1.243926280139337759e-01 1.240404107832956404e-01 1.247448452445719114e-01
8.838838838838839251e+00 1.251955705933423257e-01 1.248424744785348039e-01 1.255486667081498475e-01
8.848848848848849258e+00 1.259155162999451294e-01 1.255617306788155418e-01 1.262693019210747170e-01
8.858858858858859264e+00 1.265277608312605495e-01 1.261734750885468159e-01 1.268820465739742831e-01
8.868868868868869271e+00 1.270115670280310138e-01 1.266569747839878524e-01 1.273661592720741753e-01
8.878878878878879277e+00 1.273504563786163890e-01 1.269957604748061242e-01 1.277051522824266538e-01
8.888888888888889284e+00 1.275323531608407168e-01 1.271777690845217468e-01 1.278869372371596869e-01
8.898898898898899290e+00 1.275495839296113820e-01 1.271953398131073498e-01 1.279038280461154142e-01
8.908908908908909297e+00 1.273987388875733318e-01 1.270450710626737922e-01 1.277524067124728713e-01
8.918918918918919303e+00 1.270804057392391218e-01 1.267275498913249809e-01 1.274332615871532626e-01
8.928928928928929309e+00 1.265987909599802785e-01 1.262469700003482631e-01 1.269506119196122940e-01
8.938938938938939316e+00 1.259612478336315233e-01 1.256106584799261960e-01 1.263118371873368506e-01
8.948948948948949322e+00 1.251777347539221319e-01 1.248285353052109165e-01 1.255269342026333335e-01
8.958958958958959329e+00 1.242602306353685210e-01 1.239125324441324311e-01 1.246079288266046109e-01
8.968968968968969335e+00 1.232221362831841388e-01 1.228760009384187307e-01 1.235682716279495469e-01
8.978978978978979342e+00 1.220776907368466419e-01 1.217331340487408792e-01 1.224222474249524045e-01
8.988988988988989348e+00 1.208414296058303306e-01 1.204984322796695678e-01 1.211844269319910933e-01
8.998998998998999355e+00 1.195277081892914539e-01 1.191862318198804171e-01 1.198691845587024907e-01
9.009009009009009361e+00 1.181503059428046787e-01 1.178103119045559866e-01 1.184902999810533708e-01
9.019019019019019368e+00 1.167221211482019905e-01 1.163835893236907226e-01 1.170606529727132583e-01
9.029029029029029374e+00 1.152549562225075180e-01 1.149179004381758185e-01 1.155920120068392176e-01
9.039039039039039380e+00 1.137593858820923481e-01 1.134238634127034961e-01 1.140949083514812001e-01
9.049049049049049387e+00 1.122446932967045424e-01 1.119108067461783845e-01 1.125785798472307003e-01
9.059059059059059393e+00 1.107188542578566304e-01 1.103867453273680577e-01 1.110509631883452031e-01
9.069069069069069400e+00 1.091885468565279849e-01 1.088583827522840997e-01 1.095187109607718701e-01
9.079079079079079406e+00 1.076591645139462344e-01 1.073311188364408086e-01 1.079872101914516602e-01
9.089089089089089413e+00 1.061348133792860693e-01 1.058090441381540486e-01 1.064605826204180899e-01
9.099099099099099419e+00 1.046182806937790005e-01 1.042949085295351436e-01 1.049416528580228575e-01
9.109109109109109426e+00 1.031109680230089670e-01 1.027900577544277327e-01 1.034318782915902013e-01
9.119119119119119432e+00 1.016127913795041582e-01 1.012943396297943804e-01 1.019312431292139359e-01
9.129129129129129439e+00 1.001220582158456052e-01 9.980598912893248742e-02 1.004381273027587229e-01
9.139139139139139445e+00 9.863533812651678612e-02 9.832150813569719150e-02 9.894916811733638073e-02
9.149149149149149451e+00 9.714734907056452040e-02 9.683556045244529065e-02 9.745913768868375016e-02
9.159159159159159458e+00 9.565088347237095390e-02 9.534090519709688405e-02 9.596086174764502374e-02
9.169169169169169464e+00 9.413679841710431706e-02 9.382839181529485650e-02 9.444520501891377762e-02
9.179179179179179471e+00 9.259409137017268754e-02 9.228703758268397284e-02 9.290114515766140224e-02
9.189189189189189477e+00 9.101007772203656421e-02 9.070420389879724210e-02 9.131595154527588631e-02
9.199199199199199484e+00 8.937067950794114202e-02 8.906588125892728192e-02 8.967547775695500212e-02
9.209209209209209490e+00 8.766082652752962834e-02 8.735708504638525773e-02 8.796456800867399894e-02
9.219219219219219497e+00 8.586496250012068399e-02 8.556235583388074883e-02 8.616756916636061914e-02
9.229229229229229503e+00 8.396764052973880454e-02 8.366634940130431020e-02 8.426893165817329889e-02
9.239239239239239510e+00 8.195418463962868272e-02 8.165449385164687268e-02 8.225387542761049275e-02
9.249249249249249516e+00 7.981138797975130539e-02 7.951368465428762522e-02 8.010909130521498556e-02
9.259259259259259522e+00 7.752821389649328099e-02 7.723298365927885878e-02 7.782344413370770320e-02
9.269269269269269529e+00 7.509646363645285094e-02 7.480428544632530818e-02 7.538864182658039370e-02
9.279279279279279535e+00 7.251137417048147960e-02 7.222291397575296423e-02 7.279983436520999496e-02
9.289289289289289542e+00 6.977211149506916399e-02 6.948811442210299505e-02 7.005610856803533293e-02
9.299299299299299548e+00 6.688212872140836263e-02 6.660340918722325310e-02 6.716084825559347216e-02
9.309309309309309555e+00 6.384936412906627723e-02 6.357679318625719667e-02 6.412193507187535779e-02
9.319319319319319561e+00 6.068626187792434956e-02 6.042075125362977167e-02 6.095177250221892745e-02
9.329329329329329568e+00 5.740960688050918137e-02 5.715208951624774908e-02 5.766712424477061366e-02
9.339339339339339574e+00 5.404017498401573333e-02 5.379158233987083731e-02 5.428876762816062934e-02
9.349349349349349581e+00 5.060220955956253042e-02 5.036344642152099788e-02 5.084097269760406296e-02
9.359359359359359587e+00 4.712274524313007917e-02 4.689466318108742593e-02 4.735082730517273242e-02
9.369369369369369593e+00 4.363080828624445878e-02 4.341417918914468321e-02 4.384743738334423435e-02
9.379379379379379600e+00 4.015653013942729888e-02 3.995202136915262936e-02 4.036103890970196839e-02
9.389389389389389606e+00 3.673021596421056911e-02 3.653836861613035669e-02 3.692206331229078153e-02
9.399399399399399613e+00 3.338141233423397303e-02 3.320262388871075138e-02 3.356020077975719468e-02
9.409409409409409619e+00 3.013801820424178574e-02 2.997253053532324824e-02 3.030350587316032324e-02
9.419419419419419626e+00 2.702548027100628095e-02 2.687337358999574571e-02 2.717758695201681618e-02
9.429429429429429632e+00 2.406610832159193289e-02 2.392730121966310866e-02 2.420491542352075712e-02
9.439439439439439639e+00 2.127853847601575421e-02 2.115279383297771765e-02 2.140428311905379077e-02
9.449449449449449645e+00 1.867736297726494202e-02 1.856429915669241190e-02 1.879042679783747213e-02
9.459459459459459651e+00 1.627293507991467436e-02 1.617204155800919252e-02 1.637382860182015620e-02
9.469469469469469658e+00 1.407134741181031816e-02 1.398200380197787279e-02 1.416069102164276353e-02
9.479479479479479664e+00 1.207457268355485551e-02 1.199607002430659076e-02 1.215307534280312025e-02
9.489489489489489671e+00 1.028074745873545914e-02 1.021231062418932571e-02 1.034918429328159258e-02
9.499499499499499677e+00 8.684573385161776723e-03 8.625383543674456505e-03 8.743763226649096942e-03
9.509509509509509684e+00 7.277806146107890055e-03 7.227022317626478551e-03 7.328589974589301559e-03
9.519519519519519690e+00 6.049800536873721837e-03 6.006579465592513066e-03 6.093021608154930609e-03
9.529529529529529697e+00 4.988080422106256837e-03 4.951594169938422843e-03 5.024566674274090830e-03
9.539539539539539703e+00 4.078904625607462052e-03 4.048355487273320660e-03 4.109453763941603444e-03
9.549549549549549710e+00 3.307803657001761807e-03 3.282436185193107064e-03 3.333171128810416550e-03
9.559559559559559716e+00 2.660067117390376400e-03 2.639177215687924915e-03 2.680957019092827884e-03
9.569569569569569722e+00 2.121167149344908159e-03 2.104108333936196770e-03 2.138225964753619548e-03
9.579579579579579729e+00 1.677108926423887545e-03 1.663295971039377994e-03 1.690921881808397096e-03
9.589589589589589735e+00 1.314704496092324211e-03 1.303614756659591785e-03 1.325794235525056637e-03
9.599599599599599742e+00 1.021770969229139408e-03 1.012943736580157635e-03 1.030598201878121182e-03
9.609609609609609748e+00 7.872578656322281980e-04 7.802921189682841471e-04 7.942236122961722489e-04
9.619619619619619755e+00 6.013112612979573278e-04 5.958621959650698633e-04 6.067603266308447922e-04
9.629629629629629761e+00 4.552842213743162037e-04 4.510589064162221938e-04 4.595095363324102136e-04
9.639639639639639768e+00 3.417039060416481250e-04 3.384563947688809960e-04 3.449514173144152540e-04
9.649649649649649774e+00 2.542058292146215240e-04 2.517320043047520384e-04 2.566796541244910097e-04
9.659659659659659781e+00 1.874451936147305902e-04 1.855775812863285083e-04 1.893128059431326720e-04
9.669669669669669787e+00 1.369941980622889376e-04 1.355969373114374575e-04 1.383914588131404178e-04
9.679679679679679793e+00 9.923288865885731766e-05 9.819699439903503148e-05 1.002687829186796038e-04
9.689689689689689800e+00 7.123966273164046743e-05 7.047867820122710985e-05 7.200064726205382501e-05
9.699699699699699806e+00 5.068606439873752490e-05 5.013215995200939490e-05 5.123996884546565489e-05
9.709709709709709813e+00 3.573913359923516786e-05 3.533967687791319775e-05 3.613859032055713797e-05
9.719719719719719819e+00 2.497335471246715866e-05 2.468795153648732532e-05 2.525875788844699201e-05
9.729729729729729826e+00 1.729323524056658776e-05 1.709122122363703438e-05 1.749524925749614115e-05
9.739739739739739832e+00 1.186674316704360507e-05 1.172509256772699611e-05 1.200839376636021402e-05
9.749749749749749839e+00 8.069237755750966303e-06 7.970847693109661211e-06 8.167627818392271394e-06
9.759759759759759845e+00 5.437123258671742322e-06 5.369427294835770701e-06 5.504819222507713943e-06
9.769769769769769852e+00 3.630210534972936220e-06 3.584074854822918518e-06 3.676346215122953922e-06
9.779779779779779858e+00 2.401656579601123141e-06 2.370513709180912761e-06 2.432799450021333521e-06
9.789789789789789864e+00 1.574334999005408641e-06 1.553513409962200282e-06 1.595156588048617000e-06
9.799799799799799871e+00 1.022542615225400185e-06 1.008754987319446474e-06 1.036330243131353897e-06
9.809809809809809877e+00 6.580437103058941364e-07 6.490015220294935451e-07 6.670858985822947278e-07
9.819819819819819884e+00 4.195737581445901300e-07 4.137008315146664324e-07 4.254466847745138275e-07
9.829829829829829890e+00 2.650534585510119836e-07 2.612758043616416104e-07 2.688311127403823568e-07
9.839839839839839897e+00 1.658905637227842941e-07 1.634841696401561755e-07 1.682969578054124128e-07
9.849849849849849903e+00 1.028642672392135156e-07 1.013462409663352583e-07 1.043822935120917730e-07
9.859859859859859910e+00 6.319078610917783971e-08 6.224247345064841229e-08 6.413909876770726712e-08
9.869869869869869916e+00 3.845751258392289062e-08 3.787086687509279206e-08 3.904415829275298918e-08
9.879879879879879923e+00 2.318669232722645527e-08 2.282731945215446464e-08 2.354606520229844589e-08
9.889889889889889929e+00 1.384900807128612215e-08 1.363100970784108611e-08 1.406700643473115818e-08
9.899899899899899935e+00 8.194321594545726946e-09 8.063375148353542102e-09 8.325268040737911790e-09
9.909909909909909942e+00 4.803017127495020062e-09 4.725130803229691593e-09 4.880903451760348531e-09
9.919919919919919948e+00 2.788781661569694235e-09 2.742909352449658359e-09 2.834653970689730111e-09
9.929929929929929955e+00 1.604008697280704457e-09 1.577256640037521858e-09 1.630760754523887055e-09
9.939939939939939961e+00 9.138679722790788600e-10 8.984198176810235649e-10 9.293161268771341552e-10
9.949949949949949968e+00 5.157480178944502892e-10 5.069150866153731709e-10 5.245809491735274074e-10
9.959959959959959974e+00 2.883115377077451537e-10 2.833107524149661627e-10 2.933123230005241446e-10
9.969969969969969981e+00 1.596430184095887955e-10 1.568396947065590572e-10 1.624463421126185339e-10
9.979979979979979987e+00 8.755773927447699613e-11 8.600174927251105508e-11 8.911372927644293719e-11
9.989989989989989994e+00 4.756519033409607726e-11 4.671005287081360511e-11 4.842032779737854940e-11
1.000000000000000000e+01 2.559337505247322208e-11 2.512804840363207175e-11 2.605870170131437242e-11
