# Bootstrapped average pore-to-pore distance distribution (2nd column) with 95% confidence intervals (3rd and 4th columns) -- (1st column is x axis (nm))
0.000000000000000000e+00 0.000000000000000000e+00 nan nan
1.001001001001000992e-02 0.000000000000000000e+00 nan nan
2.002002002002001985e-02 0.000000000000000000e+00 nan nan
3.003003003003002977e-02 0.000000000000000000e+00 nan nan
4.004004004004003969e-02 0.000000000000000000e+00 nan nan
5.005005005005004615e-02 0.000000000000000000e+00 nan nan
6.006006006006005954e-02 0.000000000000000000e+00 nan nan
7.007007007007007293e-02 0.000000000000000000e+00 nan nan
8.008008008008007939e-02 0.000000000000000000e+00 nan nan
9.009009009009008584e-02 0.000000000000000000e+00 nan nan
1.001001001001000923e-01 0.000000000000000000e+00 nan nan
1.101101101101101126e-01 0.000000000000000000e+00 nan nan
1.201201201201201191e-01 0.000000000000000000e+00 nan nan
1.301301301301301394e-01 0.000000000000000000e+00 nan nan
1.401401401401401459e-01 0.000000000000000000e+00 nan nan
1.501501501501501523e-01 0.000000000000000000e+00 nan nan
1.601601601601601588e-01 0.000000000000000000e+00 nan nan
1.701701701701701652e-01 0.000000000000000000e+00 nan nan
1.801801801801801717e-01 0.000000000000000000e+00 nan nan
1.901901901901901781e-01 0.000000000000000000e+00 nan nan
2.002002002002001846e-01 0.000000000000000000e+00 nan nan
2.102102102102102188e-01 0.000000000000000000e+00 nan nan
2.202202202202202252e-01 0.000000000000000000e+00 nan nan
2.302302302302302317e-01 0.000000000000000000e+00 nan nan
2.402402402402402382e-01 0.000000000000000000e+00 nan nan
2.502502502502502724e-01 0.000000000000000000e+00 nan nan
2.602602602602602788e-01 0.000000000000000000e+00 nan nan
2.702702702702702853e-01 0.000000000000000000e+00 nan nan
2.802802802802802917e-01 0.000000000000000000e+00 nan nan
2.902902902902902982e-01 0.000000000000000000e+00 nan nan
3.003003003003003046e-01 0.000000000000000000e+00 nan nan
3.103103103103103111e-01 0.000000000000000000e+00 nan nan
3.203203203203203175e-01 0.000000000000000000e+00 nan nan
3.303303303303303240e-01 0.000000000000000000e+00 nan nan
3.403403403403403304e-01 0.000000000000000000e+00 nan nan
3.503503503503503369e-01 0.000000000000000000e+00 nan nan
3.603603603603603434e-01 0.000000000000000000e+00 nan nan
3.703703703703703498e-01 0.000000000000000000e+00 nan nan
3.803803803803803563e-01 0.000000000000000000e+00 nan nan
3.903903903903903627e-01 0.000000000000000000e+00 nan nan
4.004004004004003692e-01 0.000000000000000000e+00 nan nan
4.104104104104104311e-01 0.000000000000000000e+00 nan nan
4.204204204204204376e-01 0.000000000000000000e+00 nan nan
4.304304304304304440e-01 0.000000000000000000e+00 nan nan
4.404404404404404505e-01 0.000000000000000000e+00 nan nan
4.504504504504504570e-01 0.000000000000000000e+00 nan nan
4.604604604604604634e-01 0.000000000000000000e+00 nan nan
4.704704704704704699e-01 0.000000000000000000e+00 nan nan
4.804804804804804763e-01 0.000000000000000000e+00 nan nan
4.904904904904904828e-01 0.000000000000000000e+00 nan nan
5.005005005005005447e-01 0.000000000000000000e+00 nan nan
5.105105105105105512e-01 0.000000000000000000e+00 nan nan
5.205205205205205576e-01 0.000000000000000000e+00 nan nan
5.305305305305305641e-01 0.000000000000000000e+00 nan nan
5.405405405405405705e-01 0.000000000000000000e+00 nan nan
5.505505505505505770e-01 0.000000000000000000e+00 nan nan
5.605605605605605835e-01 0.000000000000000000e+00 nan nan
5.705705705705705899e-01 0.000000000000000000e+00 nan nan
5.805805805805805964e-01 0.000000000000000000e+00 nan nan
5.905905905905906028e-01 9.881312916824930884e-324 nan nan
6.006006006006006093e-01 3.507866085472850464e-322 nan nan
6.106106106106106157e-01 1.627452237401066117e-320 nan nan
6.206206206206206222e-01 7.490924509115811853e-319 nan nan
6.306306306306306286e-01 3.413456069340338344e-317 nan nan
6.406406406406406351e-01 1.539934101063400214e-315 nan nan
6.506506506506506415e-01 6.877945312132144958e-314 nan nan
6.606606606606606480e-01 3.041333553823464134e-312 nan nan
6.706706706706706544e-01 1.331429411816515719e-310 nan nan
6.806806806806806609e-01 5.770600409645525141e-309 nan nan
6.906906906906906674e-01 2.476125344286477628e-307 nan nan
7.007007007007006738e-01 1.051896525599402506e-305 nan nan
7.107107107107106803e-01 4.424072066337317787e-304 nan nan
7.207207207207206867e-01 1.842129455123473524e-302 nan nan
7.307307307307306932e-01 7.593935212938078579e-301 nan nan
7.407407407407406996e-01 3.099291465306573496e-299 nan nan
7.507507507507507061e-01 1.252295298005963374e-297 nan nan
7.607607607607607125e-01 5.009563450652016805e-296 nan nan
7.707707707707707190e-01 1.984000699376771531e-294 nan nan
7.807807807807807254e-01 7.779157650796182331e-293 nan nan
7.907907907907907319e-01 3.019758018309190640e-291 nan nan
8.008008008008007383e-01 1.160541131216248432e-289 nan nan
8.108108108108108558e-01 4.415681702194402397e-288 nan nan
8.208208208208208623e-01 1.663350674829008747e-286 nan nan
8.308308308308308687e-01 6.203241910721785502e-285 nan nan
8.408408408408408752e-01 2.290353214622263710e-283 nan nan
8.508508508508508816e-01 8.372112627917476853e-282 nan nan
8.608608608608608881e-01 3.029817845781976704e-280 nan nan
8.708708708708708945e-01 1.085542525091631325e-278 nan nan
8.808808808808809010e-01 3.850578965973737702e-277 nan nan
8.908908908908909074e-01 1.352241014952078723e-275 nan nan
9.009009009009009139e-01 4.701441737349482892e-274 nan nan
9.109109109109109204e-01 1.618292058147093385e-272 nan nan
9.209209209209209268e-01 5.514823836226310424e-271 nan nan
9.309309309309309333e-01 1.860609734731355645e-269 nan nan
9.409409409409409397e-01 6.214809831668897960e-268 nan nan
9.509509509509509462e-01 2.055177405600095122e-266 nan nan
9.609609609609609526e-01 6.728522571801547479e-265 nan nan
9.709709709709709591e-01 2.180916519525339311e-263 nan nan
9.809809809809809655e-01 6.998537746224902097e-262 nan nan
9.909909909909909720e-01 2.223435434017262927e-260 nan nan
1.001001001001001089e+00 6.993437361758894137e-259 nan nan
1.011011011011011096e+00 2.177738942719589709e-257 nan nan
1.021021021021021102e+00 6.713823410428121568e-256 nan nan
1.031031031031031109e+00 2.049193584110089619e-254 nan nan
1.041041041041041115e+00 6.192201002843648831e-253 nan nan
1.051051051051051122e+00 1.852490953871079716e-251 nan nan
1.061061061061061128e+00 5.486762316109961435e-250 nan nan
1.071071071071071135e+00 1.608885758825335287e-248 nan nan
1.081081081081081141e+00 4.670714109676072114e-247 nan nan
1.091091091091091148e+00 1.342426105707221092e-245 nan nan
1.101101101101101154e+00 3.819851922218686860e-244 nan nan
1.111111111111111160e+00 1.076097716243641313e-242 nan nan
1.121121121121121167e+00 3.001276061068349891e-241 nan nan
1.131131131131131173e+00 8.287227099632212299e-240 nan nan
1.141141141141141180e+00 2.265487169963126651e-238 nan nan
1.151151151151151186e+00 6.131448063008717223e-237 nan nan
1.161161161161161193e+00 1.642909308887242513e-235 nan nan
1.171171171171171199e+00 4.358260911257201668e-234 nan nan
1.181181181181181206e+00 1.144621688966727216e-232 nan nan
1.191191191191191212e+00 2.976184391418052785e-231 nan nan
1.201201201201201219e+00 7.661376894070892577e-230 nan nan
1.211211211211211225e+00 1.952553578074730432e-228 nan nan
1.221221221221221231e+00 4.926610653763301657e-227 nan nan
1.231231231231231238e+00 1.230673031918322950e-225 nan nan
1.241241241241241244e+00 3.043591041338479487e-224 nan nan
1.251251251251251251e+00 7.452107174981371626e-223 nan nan
1.261261261261261257e+00 1.806429763592492975e-221 nan nan
1.271271271271271264e+00 4.335231289226905296e-220 nan nan
1.281281281281281270e+00 1.030036656068035957e-218 nan nan
1.291291291291291277e+00 2.422938077862836104e-217 nan nan
1.301301301301301283e+00 5.642625002873427541e-216 nan nan
1.311311311311311290e+00 1.300976085468058292e-214 nan nan
1.321321321321321296e+00 2.969659805568819599e-213 nan nan
1.331331331331331302e+00 6.711094641114361961e-212 nan nan
1.341341341341341309e+00 1.501513749825342036e-210 nan nan
1.351351351351351315e+00 3.325941176973639467e-209 nan nan
1.361361361361361322e+00 7.293720679363684650e-208 nan nan
1.371371371371371328e+00 1.583554509259885741e-206 nan nan
1.381381381381381335e+00 3.403817340771362258e-205 nan nan
1.391391391391391341e+00 7.243506072227339275e-204 nan nan
1.401401401401401348e+00 1.526092215706149109e-202 nan nan
1.411411411411411354e+00 3.183186659710908862e-201 nan nan
1.421421421421421361e+00 6.573441911611544757e-200 nan nan
1.431431431431431367e+00 1.343918590709301089e-198 nan nan
1.441441441441441373e+00 2.720210527701423899e-197 nan nan
1.451451451451451380e+00 5.451066879620395826e-196 nan nan
1.461461461461461386e+00 1.081458744820745398e-194 nan nan
1.471471471471471393e+00 2.124163153439480643e-193 nan nan
1.481481481481481399e+00 4.130620242381031877e-192 nan nan
1.491491491491491406e+00 7.952289207009555583e-191 nan nan
1.501501501501501412e+00 1.515718592864083247e-189 nan nan
1.511511511511511419e+00 2.860187610878029963e-188 nan nan
1.521521521521521425e+00 5.343428613781283885e-187 nan nan
1.531531531531531432e+00 9.883142709071696359e-186 nan nan
1.541541541541541438e+00 1.809754654017777800e-184 nan nan
1.551551551551551444e+00 3.280907119201402102e-183 nan nan
1.561561561561561451e+00 5.888677700375549615e-182 nan nan
1.571571571571571457e+00 1.046384426729019185e-180 nan nan
1.581581581581581464e+00 1.840833040738463157e-179 nan nan
1.591591591591591470e+00 3.206174851862760329e-178 nan nan
1.601601601601601477e+00 5.528530292121202832e-177 nan nan
1.611611611611611705e+00 9.438041662788605234e-176 nan nan
1.621621621621621712e+00 1.595158388891463225e-174 nan nan
1.631631631631631718e+00 2.669165353314305220e-173 nan nan
1.641641641641641725e+00 4.421777750005081365e-172 nan nan
1.651651651651651731e+00 7.252172495158351750e-171 nan nan
1.661661661661661737e+00 1.177576540611800430e-169 nan nan
1.671671671671671744e+00 1.893040868353825558e-168 nan nan
1.681681681681681750e+00 3.012871994050514245e-167 nan nan
1.691691691691691757e+00 4.747349852768541465e-166 nan nan
1.701701701701701763e+00 7.405794959374512410e-165 nan nan
1.711711711711711770e+00 1.143778792547741269e-163 nan nan
1.721721721721721776e+00 1.748889329760380584e-162 nan nan
1.731731731731731783e+00 2.647479287294503550e-161 2.633702738985080183e-161 2.661255835603926916e-161
1.741741741741741789e+00 3.967827577604665101e-160 3.948247423562620739e-160 3.987407731646709463e-160
1.751751751751751796e+00 5.887392804452033458e-159 5.858351396214384670e-159 5.916434212689682246e-159
1.761761761761761802e+00 8.648549152770733521e-158 8.605900167623665524e-158 8.691198137917801518e-158
1.771771771771771808e+00 1.257805679034423845e-156 1.251604886633185725e-156 1.264006471435661964e-156
1.781781781781781815e+00 1.811064495501713783e-155 1.802138959403090175e-155 1.819990031600337390e-155
1.791791791791791821e+00 2.581691701529676123e-154 2.568972200934164456e-154 2.594411202125187790e-154
1.801801801801801828e+00 3.643551920379475254e-153 3.625606466722311584e-153 3.661497374036638923e-153
1.811811811811811834e+00 5.090913211156165204e-152 5.065847071305597808e-152 5.115979351006732601e-152
1.821821821821821841e+00 7.042333644303591427e-151 7.007670407610276307e-151 7.076996880996906548e-151
1.831831831831831847e+00 9.644677249707150045e-150 9.597220345160926203e-150 9.692134154253373887e-150
1.841841841841841854e+00 1.307702717915750273e-148 1.301270239394079632e-148 1.314135196437420914e-148
1.851851851851851860e+00 1.755418236896976129e-147 1.746786346286218587e-147 1.764050127507733670e-147
1.861861861861861867e+00 2.332934065914887511e-146 2.321466211790112809e-146 2.344401920039662213e-146
1.871871871871871873e+00 3.069549426015599857e-145 3.054465755286081139e-145 3.084633096745118575e-145
1.881881881881881879e+00 3.998500291297072278e-144 3.978858523102153729e-144 4.018142059491990828e-144
1.891891891891891886e+00 5.156677803426647215e-143 5.131355525157710201e-143 5.182000081695584229e-143
1.901901901901901892e+00 6.584052035184017185e-142 6.551731865408553814e-142 6.616372204959479827e-142
1.911911911911911899e+00 8.322751625890316450e-141 8.281910928076847931e-141 8.363592323703784969e-141
1.921921921921921905e+00 1.041576243722828635e-139 1.036466944450180247e-139 1.046685542995477023e-139
1.931931931931931912e+00 1.290522794441485839e-138 1.284194623523004517e-138 1.296850965359967161e-138
1.941941941941941918e+00 1.583036056422933712e-137 1.575276377820185185e-137 1.590795735025682240e-137
1.951951951951951925e+00 1.922500573083392562e-136 1.913080420341872535e-136 1.931920725824912590e-136
1.961961961961961931e+00 2.311493757874834844e-135 2.300171818180512279e-135 2.322815697569157409e-135
1.971971971971971938e+00 2.751500398727754181e-134 2.738028388141167694e-134 2.764972409314340668e-134
1.981981981981981944e+00 3.242627607249467455e-133 3.226757031477403002e-133 3.258498183021531908e-133
1.991991991991991950e+00 3.783338897849415170e-132 3.764829101363823750e-132 3.801848694335006590e-132
2.002002002002002179e+00 4.370228276742826829e-131 4.348855581061647260e-131 4.391600972424006398e-131
2.012012012012012185e+00 4.997856029745912374e-130 4.973423656068497016e-130 5.022288403423327731e-130
2.022022022022022192e+00 5.658666989041612974e-129 5.631015359614663036e-129 5.686318618468562912e-129
2.032032032032032198e+00 6.343009226375709460e-128 6.312026152355623124e-128 6.373992300395795795e-128
2.042042042042042205e+00 7.039266326835061295e-127 7.004896527532831174e-127 7.073636126137291415e-127
2.052052052052052211e+00 7.734109809347151989e-126 7.696363177315723698e-126 7.771856441378580280e-126
2.062062062062062218e+00 8.412870255643473914e-125 8.371828290859456963e-125 8.453912220427490864e-125
2.072072072072072224e+00 9.060016864003100799e-124 9.015836752376589038e-124 9.104196975629612560e-124
2.082082082082082231e+00 9.659726190900102290e-123 9.612642097893230402e-123 9.706810283906974178e-123
2.092092092092092237e+00 1.019651260598620300e-121 1.014683389155037737e-121 1.024619132042202863e-121
2.102102102102102243e+00 1.065588629368856087e-120 1.060399252233483503e-120 1.070778006504228671e-120
2.112112112112112250e+00 1.102500023219843741e-119 1.097133304052797186e-119 1.107866742386890296e-119
2.122122122122122256e+00 1.129324603430207147e-118 1.123829811368655262e-118 1.134819395491759032e-118
2.132132132132132263e+00 1.145276015787150942e-117 1.139706179674352552e-117 1.150845851899949332e-117
2.142142142142142269e+00 1.149880679798338882e-116 1.144291059087949267e-116 1.155470300508728496e-116
2.152152152152152276e+00 1.143001144759995113e-115 1.137447590282161529e-115 1.148554699237828697e-115
2.162162162162162282e+00 1.124842905387234439e-114 1.119380190751376871e-114 1.130305620023092006e-114
2.172172172172172289e+00 1.095944205416013053e-113 1.090624411859277878e-113 1.101263998972748228e-113
2.182182182182182295e+00 1.057149535139430852e-112 1.052020568930051501e-112 1.062278501348810203e-112
2.192192192192192302e+00 1.009568643741928297e-111 1.004672956140321249e-111 1.014464331343535345e-111
2.202202202202202308e+00 9.545238418894175912e-111 9.498974079589463291e-111 9.591502758198888533e-111
2.212212212212212314e+00 8.934890838176459065e-110 8.891606792509898537e-110 8.978174883843019593e-110
2.222222222222222321e+00 8.280247361244392205e-109 8.240155321603141932e-109 8.320339400885642478e-109
2.232232232232232327e+00 7.597120380724284246e-108 7.560355150854679122e-108 7.633885610593889369e-108
2.242242242242242334e+00 6.900910428719184640e-107 6.867532048445672334e-107 6.934288808992696945e-107
2.252252252252252340e+00 6.206053380861648027e-106 6.176051942496715082e-106 6.236054819226580973e-106
2.262262262262262347e+00 5.525561368761893017e-105 5.498864043695558839e-105 5.552258693828227195e-105
2.272272272272272353e+00 4.870674871245347278e-104 4.847154602207762261e-104 4.894195140282932294e-104
2.282282282282282360e+00 4.250634461639397143e-103 4.230119736981117247e-103 4.271149186297677040e-103
2.292292292292292366e+00 3.672571959816786963e-102 3.654857089381756232e-102 3.690286830251817695e-102
2.302302302302302373e+00 3.141512979413219963e-101 3.126368332304870329e-101 3.156657626521569597e-101
2.312312312312312379e+00 2.660476610887574647e-100 2.647658346194160723e-100 2.673294875580988570e-100
2.322322322322322385e+00 2.230653575584935669e-99 2.219912488889809794e-99 2.241394662280061543e-99
2.332332332332332392e+00 1.851641748101271493e-98 1.842730959762318742e-98 1.860552536440224245e-98
2.342342342342342398e+00 1.521717400592267728e-97 1.514398717139892010e-97 1.529036084044643445e-97
2.352352352352352405e+00 1.238121637649878019e-96 1.232170517212983165e-96 1.244072758086772873e-96
2.362362362362362411e+00 9.973439137702135506e-96 9.925530539151041211e-96 1.002134773625322980e-95
2.372372372372372418e+00 7.953878450690829145e-95 7.915694825637427147e-95 7.992062075744231144e-95
2.382382382382382424e+00 6.280083196187876464e-94 6.249953842127113088e-94 6.310212550248639841e-94
2.392392392392392431e+00 4.909127859394969123e-93 4.885590839668212356e-93 4.932664879121725890e-93
2.402402402402402437e+00 3.799232311222709011e-92 3.781028508511335863e-92 3.817436113934082158e-92
2.412412412412412444e+00 2.910985075087071333e-91 2.897046390849236201e-91 2.924923759324906465e-91
2.422422422422422450e+00 2.208191797596760794e-90 2.197625314476289223e-90 2.218758280717232365e-90
2.432432432432432456e+00 1.658388794479188338e-89 1.650458520629650015e-89 1.666319068328726661e-89
2.442442442442442463e+00 1.233072835405617210e-88 1.227180398283769711e-88 1.238965272527464709e-88
2.452452452452452469e+00 9.077034481832171235e-88 9.033688305416061864e-88 9.120380658248280606e-88
2.462462462462462476e+00 6.615340244489302902e-87 6.583771616215915950e-87 6.646908872762689854e-87
2.472472472472472482e+00 4.773241417707074755e-86 4.750479454189717817e-86 4.796003381224431692e-86
2.482482482482482489e+00 3.409790504657535948e-85 3.393542020750696358e-85 3.426038988564375539e-85
2.492492492492492495e+00 2.411543752957361684e-84 2.400060495760062673e-84 2.423027010154660695e-84
2.502502502502502502e+00 1.688557357361808263e-83 1.680522716268546209e-83 1.696591998455070318e-83
2.512512512512512508e+00 1.170549500312655123e-82 1.164983835728065972e-82 1.176115164897244273e-82
2.522522522522522515e+00 8.033727898593583448e-82 7.995558373688791926e-82 8.071897423498374970e-82
2.532532532532532521e+00 5.458808941324879253e-81 5.432893078507814064e-81 5.484724804141944442e-81
2.542542542542542527e+00 3.672249559421032888e-80 3.654828931604119024e-80 3.689670187237946753e-80
2.552552552552552534e+00 2.445795119117514632e-79 2.434201709969525795e-79 2.457388528265503469e-79
2.562562562562562540e+00 1.612729876366578600e-78 1.605091381807902659e-78 1.620368370925254541e-78
2.572572572572572547e+00 1.052826817195218493e-77 1.047844244382674124e-77 1.057809390007762861e-77
2.582582582582582553e+00 6.804654437405958132e-77 6.772477194832611652e-77 6.836831679979304611e-77
2.592592592592592560e+00 4.354207509049663157e-76 4.333634713682808067e-76 4.374780304416518247e-76
2.602602602602602566e+00 2.758456645748578881e-75 2.745434362999237184e-75 2.771478928497920579e-75
2.612612612612612573e+00 1.730124194055017283e-74 1.721963439982326747e-74 1.738284948127707820e-74
2.622622622622622579e+00 1.074342008169206191e-73 1.069278834339100463e-73 1.079405181999311918e-73
2.632632632632632586e+00 6.604836683823220816e-73 6.573736368886397954e-73 6.635936998760043679e-73
2.642642642642642592e+00 4.020091559075165410e-72 4.001178744634290318e-72 4.039004373516040502e-72
2.652652652652652598e+00 2.422502475358561459e-71 2.411115798739887860e-71 2.433889151977235057e-71
2.662662662662662605e+00 1.445263480457864815e-70 1.438476332943123240e-70 1.452050627972606389e-70
2.672672672672672611e+00 8.536590212807722986e-70 8.496537946727579495e-70 8.576642478887866477e-70
2.682682682682682618e+00 4.992022551325840342e-69 4.968622520651015528e-69 5.015422582000665155e-69
2.692692692692692624e+00 2.890170318054487146e-68 2.876635409728176654e-68 2.903705226380797638e-68
2.702702702702702631e+00 1.656628864368658036e-67 1.648878113154503879e-67 1.664379615582812192e-67
2.712712712712712637e+00 9.401172004583810887e-67 9.357229794953547901e-67 9.445114214214073874e-67
2.722722722722722644e+00 5.281944814075981512e-66 5.257280466449394855e-66 5.306609161702568170e-66
2.732732732732732650e+00 2.938061666237876028e-65 2.924355782230617577e-65 2.951767550245134478e-65
2.742742742742742657e+00 1.618017607186188432e-64 1.610477210713951459e-64 1.625558003658425405e-64
2.752752752752752663e+00 8.821876475756233125e-64 8.780805875089694659e-64 8.862947076422771590e-64
2.762762762762762669e+00 4.762052729220350290e-63 4.739905586456312353e-63 4.784199871984388227e-63
2.772772772772772676e+00 2.544972142437331308e-62 2.533148421562939884e-62 2.556795863311722731e-62
2.782782782782782682e+00 1.346565800090374287e-61 1.340316369035587385e-61 1.352815231145161188e-61
2.792792792792792689e+00 7.053878134683289444e-61 7.021175956540231989e-61 7.086580312826346898e-61
2.802802802802802695e+00 3.658341654899318769e-60 3.641399728002714577e-60 3.675283581795922960e-60
2.812812812812812702e+00 1.878436954488520215e-59 1.869747372384885479e-59 1.887126536592154952e-59
2.822822822822822708e+00 9.549159619488508000e-59 9.505034592574603147e-59 9.593284646402412853e-59
2.832832832832832715e+00 4.806068630141711004e-58 4.783885587088300997e-58 4.828251673195121012e-58
2.842842842842842721e+00 2.394810697775811784e-57 2.383769724709747148e-57 2.405851670841876420e-57
2.852852852852852727e+00 1.181432568387580037e-56 1.175992007029329308e-56 1.186873129745830766e-56
2.862862862862862734e+00 5.770365733860911086e-56 5.743823941082273011e-56 5.796907526639549161e-56
2.872872872872872740e+00 2.790323263061455022e-55 2.777503883042556909e-55 2.803142643080353135e-55
2.882882882882882747e+00 1.335865106438868164e-54 1.329735196916285440e-54 1.341995015961450887e-54
2.892892892892892753e+00 6.331807881299097221e-54 6.302788280692575285e-54 6.360827481905619157e-54
2.902902902902902760e+00 2.971324075622859813e-53 2.957722814672439695e-53 2.984925336573279930e-53
2.912912912912912766e+00 1.380478411705113557e-52 1.374167133233825019e-52 1.386789690176402094e-52
2.922922922922922773e+00 6.349896681133707262e-52 6.320902823978661415e-52 6.378890538288753108e-52
2.932932932932932779e+00 2.891753569374011211e-51 2.878566594314784715e-51 2.904940544433237708e-51
2.942942942942942786e+00 1.303807952579680355e-50 1.297870023997466194e-50 1.309745881161894516e-50
2.952952952952952792e+00 5.820011460540396101e-50 5.793540152056016851e-50 5.846482769024775350e-50
2.962962962962962798e+00 2.572124997290512538e-49 2.560441669451422349e-49 2.583808325129602728e-49
2.972972972972972805e+00 1.125429945116011825e-48 1.120324795257902410e-48 1.130535094974121239e-48
2.982982982982982811e+00 4.875320620127712329e-48 4.853235423587817179e-48 4.897405816667607479e-48
2.992992992992992818e+00 2.090963114086593693e-47 2.081504120088570195e-47 2.100422108084617190e-47
3.003003003003002824e+00 8.878675720204281459e-47 8.838566925862828406e-47 8.918784514545734513e-47
3.013013013013012831e+00 3.732577307275233864e-46 3.715739508652510221e-46 3.749415105897957506e-46
3.023023023023022837e+00 1.553561275062425330e-45 1.546563143010896122e-45 1.560559407113954537e-45
3.033033033033032844e+00 6.401873518092729289e-45 6.373077651839847077e-45 6.430669384345611500e-45
3.043043043043042850e+00 2.611831101650151948e-44 2.600100253009756062e-44 2.623561950290547834e-44
3.053053053053052857e+00 1.054975952490858601e-43 1.050244657111931745e-43 1.059707247869785456e-43
3.063063063063062863e+00 4.218904362671158912e-43 4.200012180630539212e-43 4.237796544711778611e-43
3.073073073073072869e+00 1.670385191687985949e-42 1.662916652008909669e-42 1.677853731367062229e-42
3.083083083083082876e+00 6.547772733500730212e-42 6.518541922773194185e-42 6.577003544228266239e-42
3.093093093093092882e+00 2.541152722322199088e-41 2.529826170553870637e-41 2.552479274090527539e-41
3.103103103103102889e+00 9.764012636663609553e-41 9.720560979565870499e-41 9.807464293761348607e-41
3.113113113113112895e+00 3.714381364624990074e-40 3.697878214815749776e-40 3.730884514434230371e-40
3.123123123123122902e+00 1.398960474599787554e-39 1.392754938512736237e-39 1.405166010686838871e-39
3.133133133133132908e+00 5.216574278231100401e-39 5.193472583928674894e-39 5.239675972533525908e-39
3.143143143143142915e+00 1.925868168638555261e-38 1.917353641676894175e-38 1.934382695600216348e-38
3.153153153153152921e+00 7.039294529143194307e-38 7.008225370903909929e-38 7.070363687382478685e-38
3.163163163163162928e+00 2.547377799874391142e-37 2.536153717999442160e-37 2.558601881749340124e-37
3.173173173173172934e+00 9.126819204701878283e-37 9.086674834167723517e-37 9.166963575236033049e-37
3.183183183183182940e+00 3.237483990714800480e-36 3.223268852713192792e-36 3.251699128716408168e-36
3.193193193193192947e+00 1.136993913448622976e-35 1.132010462064135031e-35 1.141977364833110920e-35
3.203203203203202953e+00 3.953404191591742798e-35 3.936107533134576233e-35 3.970700850048909363e-35
3.213213213213213404e+00 1.360965483424427127e-34 1.355021916521190180e-34 1.366909050327664075e-34
3.223223223223223410e+00 4.638590869496939534e-34 4.618370681435004896e-34 4.658811057558874172e-34
3.233233233233233417e+00 1.565266714775614498e-33 1.558456254797134912e-33 1.572077174754094083e-33
3.243243243243243423e+00 5.229428375816283735e-33 5.206718170841367838e-33 5.252138580791199632e-33
3.253253253253253430e+00 1.729752419979329983e-32 1.722254873695311527e-32 1.737249966263348439e-32
3.263263263263263436e+00 5.664711696059100322e-32 5.640205782824539284e-32 5.689217609293661360e-32
3.273273273273273443e+00 1.836691001756839214e-31 1.828760942940099018e-31 1.844621060573579411e-31
3.283283283283283449e+00 5.896022069758882967e-31 5.870616095334099556e-31 5.921428044183666378e-31
3.293293293293293456e+00 1.873903053969727227e-30 1.865844643404474700e-30 1.881961464534979755e-30
3.303303303303303462e+00 5.896583639923974398e-30 5.871278009060658740e-30 5.921889270787290056e-30
3.313313313313313468e+00 1.837043545617174455e-29 1.829175998459016692e-29 1.844911092775332219e-29
3.323323323323323475e+00 5.666363218360706304e-29 5.642146453964249788e-29 5.690579982757162821e-29
3.333333333333333481e+00 1.730436534672445089e-28 1.723056683109140883e-28 1.737816386235749296e-28
3.343343343343343488e+00 5.232070602586998907e-28 5.209805020043761898e-28 5.254336185130235917e-28
3.353353353353353494e+00 1.566240777422024352e-27 1.559589951118346188e-27 1.572891603725702517e-27
3.363363363363363501e+00 4.642060928060645835e-27 4.622392373518808707e-27 4.661729482602482962e-27
3.373373373373373507e+00 1.362168722412977518e-26 1.356410018217938111e-26 1.367927426608016924e-26
3.383383383383383514e+00 3.957483571871938395e-26 3.940790633773268570e-26 3.974176509970608220e-26
3.393393393393393520e+00 1.138350205751814816e-25 1.133559531031995450e-25 1.143140880471634182e-25
3.403403403403403527e+00 3.241915044835368493e-25 3.228303209628010620e-25 3.255526880042726365e-25
3.413413413413413533e+00 9.141064427594988633e-25 9.102773755098678915e-25 9.179355100091298350e-25
3.423423423423423539e+00 2.551888858573799180e-24 2.541224718566571012e-24 2.562552998581027349e-24
3.433433433433433546e+00 7.053376199114958137e-24 7.023971587860564889e-24 7.082780810369351386e-24
3.443443443443443552e+00 1.930203608027752913e-23 1.922176445828151957e-23 1.938230770227353869e-23
3.453453453453453559e+00 5.229744531326156663e-23 5.208049220998770041e-23 5.251439841653543285e-23
3.463463463463463565e+00 1.402909361608570948e-22 1.397104028132610442e-22 1.408714695084531454e-22
3.473473473473473572e+00 3.726070513427427464e-22 3.710690872107129436e-22 3.741450154747725491e-22
3.483483483483483578e+00 9.798179520429317597e-22 9.757840696600827273e-22 9.838518344257807921e-22
3.493493493493493585e+00 2.551015821588641149e-21 2.540540713555969582e-21 2.561490929621312716e-21
3.503503503503503591e+00 6.575896076052951918e-21 6.548965086028464479e-21 6.602827066077439356e-21
3.513513513513513598e+00 1.678306877196762842e-20 1.671451917001006934e-20 1.685161837392518750e-20
3.523523523523523604e+00 4.240949399618690622e-20 4.223674455378512005e-20 4.258224343858869239e-20
3.533533533533533610e+00 1.061037554795889099e-19 1.056727450630328870e-19 1.065347658961449328e-19
3.543543543543543617e+00 2.628300763400291439e-19 2.617653976101637857e-19 2.638947550698945022e-19
3.553553553553553623e+00 6.446095383807082798e-19 6.420057277131933005e-19 6.472133490482232592e-19
3.563563563563563630e+00 1.565296108109522962e-18 1.558991464236183757e-18 1.571600751982862166e-18
3.573573573573573636e+00 3.763354911082257273e-18 3.748241155945089662e-18 3.778468666219424884e-18
3.583583583583583643e+00 8.958464132383156178e-18 8.922592990079267681e-18 8.994335274687044674e-18
3.593593593593593649e+00 2.111409653009372790e-17 2.102980588385639926e-17 2.119838717633105654e-17
3.603603603603603656e+00 4.927117247441281172e-17 4.907507352375721943e-17 4.946727142506840400e-17
3.613613613613613662e+00 1.138402054586584273e-16 1.133885229910223775e-16 1.142918879262944770e-16
3.623623623623623669e+00 2.604244737098527313e-16 2.593944347473131602e-16 2.614545126723923024e-16
3.633633633633633675e+00 5.898645345436554602e-16 5.875389243827555621e-16 5.921901447045553583e-16
3.643643643643643681e+00 1.322842693562457907e-15 1.317644129221787233e-15 1.328041257903128582e-15
3.653653653653653688e+00 2.937315929936950405e-15 2.925810745501978593e-15 2.948821114371922217e-15
3.663663663663663694e+00 6.457743971907068050e-15 6.432534263431139113e-15 6.482953680382996988e-15
3.673673673673673701e+00 1.405723513961962676e-14 1.400254530961810886e-14 1.411192496962114467e-14
3.683683683683683707e+00 3.029766785096684954e-14 3.018020236445431137e-14 3.041513333747938771e-14
3.693693693693693714e+00 6.465617914969743787e-14 6.440638664152859228e-14 6.490597165786628345e-14
3.703703703703703720e+00 1.366167111233465387e-13 1.360907974912103625e-13 1.371426247554827149e-13
3.713713713713713727e+00 2.858196260113873064e-13 2.847233603061332877e-13 2.869158917166413251e-13
3.723723723723723733e+00 5.920743543114408532e-13 5.898118776317288977e-13 5.943368309911528088e-13
3.733733733733733740e+00 1.214389676131589795e-12 1.209766719743027021e-12 1.219012632520152569e-12
3.743743743743743746e+00 2.466261988512416938e-12 2.456909581087960084e-12 2.475614395936873792e-12
3.753753753753753752e+00 4.959312553290482125e-12 4.940580062492188205e-12 4.978045044088776045e-12
3.763763763763763759e+00 9.874310340151997136e-12 9.837162232425213559e-12 9.911458447878780713e-12
3.773773773773773765e+00 1.946691265732561310e-11 1.939397572182083520e-11 1.953984959283039100e-11
3.783783783783783772e+00 3.800095409240068151e-11 3.785916964826054532e-11 3.814273853654081770e-11
3.793793793793793778e+00 7.345159675807581754e-11 7.317871120430840131e-11 7.372448231184323377e-11
3.803803803803803785e+00 1.405787337932632408e-10 1.400587329512862394e-10 1.410987346352402423e-10
3.813813813813813791e+00 2.664109719571669655e-10 2.654299024723415231e-10 2.673920414419924079e-10
3.823823823823823798e+00 4.999208613606850914e-10 4.980882582827211294e-10 5.017534644386490535e-10
3.833833833833833804e+00 9.289017990558618625e-10 9.255124935989145417e-10 9.322911045128091832e-10
3.843843843843843811e+00 1.709072961379177804e-09 1.702866737653702077e-09 1.715279185104653530e-09
3.853853853853853817e+00 3.113699358361340476e-09 3.102447626988169797e-09 3.124951089734511155e-09
3.863863863863863823e+00 5.617217080718189626e-09 5.597020059391823759e-09 5.637414102044555492e-09
3.873873873873873830e+00 1.003454189215293598e-08 9.998647037317875187e-09 1.007043674698799677e-08
3.883883883883883836e+00 1.775044489275281390e-08 1.768728303494852220e-08 1.781360675055710559e-08
3.893893893893893843e+00 3.109281295766228485e-08 3.098277149342308548e-08 3.120285442190148421e-08
3.903903903903903849e+00 5.393290315905126371e-08 5.374308506903000636e-08 5.412272124907252105e-08
3.913913913913913856e+00 9.263918857544691415e-08 9.231499853543166377e-08 9.296337861546216453e-08
3.923923923923923862e+00 1.575749646355715508e-07 1.570267587634344642e-07 1.581231705077086373e-07
3.933933933933933869e+00 2.654213393191263767e-07 2.645034911926003935e-07 2.663391874456523598e-07
3.943943943943943875e+00 4.427366312331081927e-07 4.412150948248516102e-07 4.442581676413647751e-07
3.953953953953953881e+00 7.313431545790749635e-07 7.288458035856246439e-07 7.338405055725252830e-07
3.963963963963963888e+00 1.196378138661482114e-06 1.192319653566356547e-06 1.200436623756607680e-06
3.973973973973973894e+00 1.938174826250935079e-06 1.931644468431340317e-06 1.944705184070529841e-06
3.983983983983983901e+00 3.109572115124587549e-06 3.099168116602136530e-06 3.119976113647038567e-06
3.993993993993993907e+00 4.940806366745479410e-06 4.924394589447592097e-06 4.957218144043366723e-06
4.004004004004004358e+00 7.774835267952338419e-06 7.749201947727949255e-06 7.800468588176727582e-06
4.014014014014014364e+00 1.211679369316104856e-05 1.207715219475673773e-05 1.215643519156535940e-05
4.024024024024024371e+00 1.870228818695532589e-05 1.864158752623094377e-05 1.876298884767970800e-05
4.034034034034034377e+00 2.859038669995158310e-05 2.849835502441459476e-05 2.868241837548857144e-05
4.044044044044044384e+00 4.328841686483498539e-05 4.315025620333891787e-05 4.342657752633105291e-05
4.054054054054054390e+00 6.491698104933729414e-05 6.471161081726467187e-05 6.512235128140991640e-05
4.064064064064064397e+00 9.642482132812047510e-05 9.612254807554099147e-05 9.672709458069995872e-05
4.074074074074074403e+00 1.418641666983418528e-04 1.414236376973486528e-04 1.423046956993350527e-04
4.084084084084084409e+00 2.067377605444758906e-04 2.061020409241324093e-04 2.073734801648193719e-04
4.094094094094094416e+00 2.984286384223043846e-04 2.975202382574850955e-04 2.993370385871236736e-04
4.104104104104104422e+00 4.267225987192350359e-04 4.254372710481611015e-04 4.280079263903089704e-04
4.114114114114114429e+00 6.044308452640476505e-04 6.026299823697249883e-04 6.062317081583703127e-04
4.124124124124124435e+00 8.481161408385202039e-04 8.456176186600978736e-04 8.506146630169425342e-04
4.134134134134134442e+00 1.178919686789410776e-03 1.175487050551360206e-03 1.182352323027461346e-03
4.144144144144144448e+00 1.623477612627250485e-03 1.618807564884979606e-03 1.628147660369521363e-03
4.154154154154154455e+00 2.214905338518584343e-03 2.208613587082067752e-03 2.221197089955100935e-03
4.164164164164164461e+00 2.993815286376290668e-03 2.985420935587272066e-03 3.002209637165309270e-03
4.174174174174174468e+00 4.009318852852568511e-03 3.998227676597251347e-03 4.020410029107885676e-03
4.184184184184184474e+00 5.319947929941313408e-03 5.305435044495960574e-03 5.334460815386666242e-03
4.194194194194194480e+00 6.994415625309331579e-03 6.975608276706977105e-03 7.013222973911686052e-03
4.204204204204204487e+00 9.112121601318997136e-03 9.087982983260226369e-03 9.136260219377767902e-03
4.214214214214214493e+00 1.176329632825479435e-02 1.173261153640643532e-02 1.179398112010315337e-02
4.224224224224224500e+00 1.504867245157545490e-02 1.501003783864134425e-02 1.508730706450956555e-02
4.234234234234234506e+00 1.907857238544869230e-02 1.903038968662185484e-02 1.912675508427552976e-02
4.244244244244244513e+00 2.397131101291706534e-02 2.391178764081355532e-02 2.403083438502057537e-02
4.254254254254254519e+00 2.985083247904433620e-02 2.977798932061017853e-02 2.992367563747849388e-02
4.264264264264264526e+00 3.684353137382354731e-02 3.675521924349510472e-02 3.693184350415198991e-02
4.274274274274274532e+00 4.507425112524082733e-02 4.496817673106390245e-02 4.518032551941775221e-02
4.284284284284284539e+00 5.466150510867606033e-02 5.453526697368890619e-02 5.478774324366321447e-02
4.294294294294294545e+00 6.571202658738257985e-02 6.556316085198225785e-02 6.586089232278290184e-02
4.304304304304304551e+00 7.831481867835969612e-02 7.814085411794874370e-02 7.848878323877064855e-02
4.314314314314314558e+00 9.253494052808645953e-02 9.233346149315695139e-02 9.273641956301596767e-02
4.324324324324324564e+00 1.084073253607520382e-01 1.081760407319335843e-01 1.086386099895704921e-01
4.334334334334334571e+00 1.259309741238580083e-01 1.256677898252975822e-01 1.261941584224184343e-01
4.344344344344344577e+00 1.450638992210054878e-01 1.447669914037571226e-01 1.453608070382538531e-01
4.354354354354354584e+00 1.657192010086397660e-01 1.653870867460526806e-01 1.660513152712268514e-01
4.364364364364364590e+00 1.877626412725745819e-01 1.873942435327548561e-01 1.881310390123943077e-01
4.374374374374374597e+00 2.110120305029516696e-01 2.106067342910487583e-01 2.114173267148545809e-01
4.384384384384384603e+00 2.352386694139737833e-01 2.347963662992504641e-01 2.356809725286971025e-01
4.394394394394394610e+00 2.601709823148309342e-01 2.596921010423883236e-01 2.606498635872735448e-01
4.404404404404404616e+00 2.855003557653942314e-01 2.849858772500794002e-01 2.860148342807090627e-01
4.414414414414414622e+00 3.108890580209424659e-01 3.103405136704092127e-01 3.114376023714757191e-01
4.424424424424424629e+00 3.359799726680669507e-01 3.353994256208011060e-01 3.365605197153327954e-01
4.434434434434434635e+00 3.604077444700459210e-01 3.597977539094747712e-01 3.610177350306170707e-01
4.444444444444444642e+00 3.838108180963260563e-01 3.831743872804465600e-01 3.844472489122055525e-01
4.454454454454454648e+00 4.058437618356851573e-01 4.051842708561564921e-01 4.065032528152138225e-01
4.464464464464464655e+00 4.261892176939650057e-01 4.255103422718920503e-01 4.268680931160379610e-01
4.474474474474474661e+00 4.445688129504085651e-01 4.438744308376300074e-01 4.452631950631871227e-01
4.484484484484484668e+00 4.607524094135346804e-01 4.600464962667688562e-01 4.614583225603005046e-01
4.494494494494494674e+00 4.745651544833372482e-01 4.738516714907479721e-01 4.752786374759265242e-01
4.504504504504504681e+00 4.858919278354257854e-01 4.851747039718015131e-01 4.866091516990500576e-01
4.514514514514514687e+00 4.946789403868752655e-01 4.939615530047734571e-01 4.953963277689770739e-01
4.524524524524524693e+00 5.009324262431809061e-01 5.002180847850774548e-01 5.016467677012843573e-01
4.534534534534534700e+00 5.047145593525474982e-01 5.040059982446949416e-01 5.054231204604000549e-01
4.544544544544544706e+00 5.061369093638666827e-01 5.054362974853208179e-01 5.068375212424125476e-01
4.554554554554554713e+00 5.053519108165107632e-01 5.046607860533288692e-01 5.060430355796926571e-01
4.564564564564564719e+00 5.025429431605333841e-01 5.018621810161179031e-01 5.032237053049488651e-01
4.574574574574574726e+00 4.979136961289867269e-01 4.972435205753653054e-01 4.985838716826081485e-01
4.584584584584584732e+00 4.916775196141862092e-01 4.910175617163586304e-01 4.923374775120137881e-01
4.594594594594594739e+00 4.840474280354674086e-01 4.833968330018966753e-01 4.846980230690381419e-01
4.604604604604604745e+00 4.752273496228416882e-01 4.745849261314665224e-01 4.758697731142168541e-01
4.614614614614614752e+00 4.654050889352481235e-01 4.647694871154710028e-01 4.660406907550252442e-01
4.624624624624624758e+00 4.547473177951434908e-01 4.541172161824216791e-01 4.553774194078653026e-01
4.634634634634634764e+00 4.433967396617993217e-01 4.427710189036834221e-01 4.440224604199152214e-01
4.644644644644644771e+00 4.314714003725982905e-01 4.308492835606295146e-01 4.320935171845670664e-01
4.654654654654654777e+00 4.190659588325664764e-01 4.184471044955300756e-01 4.196848131696028772e-01
4.664664664664664784e+00 4.062545974799003368e-01 4.056391395231750407e-01 4.068700554366256328e-01
4.674674674674674790e+00 3.930951540526384513e-01 3.924836908901527255e-01 3.937066172151241772e-01
4.684684684684684797e+00 3.796339993705352689e-01 3.790275404304150331e-01 3.802404583106555047e-01
4.694694694694694803e+00 3.659111723786012682e-01 3.653110534240739393e-01 3.665112913331285971e-01
4.704704704704704810e+00 3.519653113326155491e-01 3.513730908958468402e-01 3.525575317693842581e-01
4.714714714714714816e+00 3.378379829038208326e-01 3.372553312974005402e-01 3.384206345102411251e-01
4.724724724724724823e+00 3.235771005781199472e-01 3.230056911703678146e-01 3.241485099858720798e-01
4.734734734734734829e+00 3.092392297960527836e-01 3.086806400696238684e-01 3.097978195224816989e-01
4.744744744744744835e+00 2.948906891001177866e-01 2.943463167939296965e-01 2.954350614063058766e-01
4.754754754754754842e+00 2.806074639916429359e-01 2.800784615242568609e-01 2.811364664590290108e-01
4.764764764764764848e+00 2.664740446381371752e-01 2.659612731096491212e-01 2.669868161666252293e-01
4.774774774774774855e+00 2.525813735643311353e-01 2.520853759915004932e-01 2.530773711371617773e-01
4.784784784784784861e+00 2.390241410757834584e-01 2.385451331975627365e-01 2.395031489540041802e-01
4.794794794794794868e+00 2.258976930175433107e-01 2.254355690941624302e-01 2.263598169409241911e-01
4.804804804804804874e+00 2.132948184883249332e-01 2.128491690784359569e-01 2.137404678982139095e-01
4.814814814814814881e+00 2.013026671083628094e-01 2.008728058739213118e-01 2.017325283428043070e-01
4.824824824824824887e+00 1.900000104846149840e-01 1.895850075864573270e-01 1.904150133827726410e-01
4.834834834834834894e+00 1.794550154574949263e-01 1.790537358988906202e-01 1.798562950160992324e-01
4.844844844844844900e+00 1.697236425551848782e-01 1.693347886342321806e-01 1.701124964761375757e-01
4.854854854854854906e+00 1.608487265623171902e-01 1.604708840862729691e-01 1.612265690383614114e-01
4.864864864864864913e+00 1.528597413898948598e-01 1.524914292200161003e-01 1.532280535597736193e-01
4.874874874874874919e+00 1.457732019185300765e-01 1.454129236662158042e-01 1.461334801708443487e-01
4.884884884884884926e+00 1.395936137702321056e-01 1.392399092323657050e-01 1.399473183080985061e-01
4.894894894894894932e+00 1.343148498584531558e-01 1.339663424884018073e-01 1.346633572285045044e-01
4.904904904904904939e+00 1.299218111755171268e-01 1.295772470662988896e-01 1.302663752847353640e-01
4.914914914914914945e+00 1.263922190911947740e-01 1.260504930114673683e-01 1.267339451709221798e-01
4.924924924924924952e+00 1.236983874002147155e-01 1.233585524886502416e-01 1.240382223117791893e-01
4.934934934934934958e+00 1.218088339166748663e-01 1.214700934966077978e-01 1.221475743367419348e-01
4.944944944944944965e+00 1.206896125342367398e-01 1.203512947504816605e-01 1.210279303179918192e-01
4.954954954954954971e+00 1.203052758386403132e-01 1.199667940269063537e-01 1.206437576503742726e-01
4.964964964964964977e+00 1.206194135890623076e-01 1.202802171769644657e-01 1.209586100011601495e-01
4.974974974974974984e+00 1.215947512619557913e-01 1.212542734243419046e-01 1.219352290995696780e-01
4.984984984984984990e+00 1.231928326152636199e-01 1.228504417866106702e-01 1.235352234439165697e-01
4.994994994994994997e+00 1.253733479267850892e-01 1.250283104970229542e-01 1.257183853565472242e-01
5.005005005005005003e+00 1.280932022381587321e-01 1.277446631327978366e-01 1.284417413435196276e-01
5.015015015015015010e+00 1.313054429019725466e-01 1.309524290591932982e-01 1.316584567447517951e-01
5.025025025025025016e+00 1.349581808074717115e-01 1.345996297427488886e-01 1.353167318721945345e-01
5.035035035035035023e+00 1.389936434392976261e-01 1.386284553960223931e-01 1.393588314825728591e-01
5.045045045045045029e+00 1.433474899479202647e-01 1.429745982481681332e-01 1.437203816476723961e-01
5.055055055055055035e+00 1.479484992843271007e-01 1.475669503519737025e-01 1.483300482166804990e-01
5.065065065065065042e+00 1.527187138303172098e-01 1.523277467814734831e-01 1.531096808791609365e-01
5.075075075075075048e+00 1.575740854160737892e-01 1.571732014378835474e-01 1.579749693942640310e-01
5.085085085085085055e+00 1.624256314103949272e-01 1.620146451072723703e-01 1.628366177135174842e-01
5.095095095095095061e+00 1.671810692860903891e-01 1.667601370733262645e-01 1.676020014988545137e-01
5.105105105105105068e+00 1.717468622442082926e-01 1.713164859580430244e-01 1.721772385303735609e-01
5.115115115115115074e+00 1.760305792221980858e-01 1.755915858532454688e-01 1.764695725911507029e-01
5.125125125125125081e+00 1.799434522246521340e-01 1.794969528294077243e-01 1.803899516198965436e-01
5.135135135135135087e+00 1.834030036793498908e-01 1.829503360704043402e-01 1.838556712882954414e-01
5.145145145145145094e+00 1.863356165699811551e-01 1.858782774118468706e-01 1.867929557281154396e-01
5.155155155155155100e+00 1.886789294552194685e-01 1.882185019690005845e-01 1.891393569414383524e-01
5.165165165165165106e+00 1.903839552513191813e-01 1.899220388635687040e-01 1.908458716390696586e-01
5.175175175175175113e+00 1.914168443070576875e-01 1.909549922081029139e-01 1.918786964060124611e-01
5.185185185185185119e+00 1.917602360601929623e-01 1.912999056791431507e-01 1.922205664412427739e-01
5.195195195195195126e+00 1.914141667975236827e-01 1.909566865994120899e-01 1.918716469956352755e-01
5.205205205205205132e+00 1.903965215928512533e-01 1.899430753988434750e-01 1.908499677868590316e-01
5.215215215215215139e+00 1.887430349470838042e-01 1.882946623653658502e-01 1.891914075288017583e-01
5.225225225225225145e+00 1.865068564201467494e-01 1.860644653190371423e-01 1.869492475212563565e-01
5.235235235235235152e+00 1.837577048581059413e-01 1.833220896083301577e-01 1.841933201078817250e-01
5.245245245245245158e+00 1.805806385477410625e-01 1.801524965170180348e-01 1.810087805784640902e-01
5.255255255255255165e+00 1.770744700331332300e-01 1.766544089065236189e-01 1.774945311597428410e-01
5.265265265265265171e+00 1.733498547315352467e-01 1.729383847662439300e-01 1.737613246968265635e-01
5.275275275275275177e+00 1.695270830214097579e-01 1.691245911336941854e-01 1.699295749091253305e-01
5.285285285285285184e+00 1.657336068620261504e-01 1.653403130584451541e-01 1.661269006656071467e-01
5.295295295295295190e+00 1.621013344698986336e-01 1.617172350351803456e-01 1.624854339046169216e-01
5.305305305305305197e+00 1.587637298889938708e-01 1.583885353775886240e-01 1.591389244003991177e-01
5.315315315315315203e+00 1.558527579315922285e-01 1.554858368279044833e-01 1.562196790352799736e-01
5.325325325325325210e+00 1.534957183478759535e-01 1.531360586307754512e-01 1.538553780649764557e-01
5.335335335335335216e+00 1.518120158212479809e-01 1.514582158276351342e-01 1.521658158148608275e-01
5.345345345345345223e+00 1.509099144911241197e-01 1.505602106948824292e-01 1.512596182873658102e-01
5.355355355355355229e+00 1.508833276798328127e-01 1.505356601500177638e-01 1.512309952096478616e-01
5.365365365365365236e+00 1.518086962905197679e-01 1.514608038689485292e-01 1.521565887120910066e-01
5.375375375375375242e+00 1.537420141312687838e-01 1.533915435677441763e-01 1.540924846947933913e-01
5.385385385385385248e+00 1.567160662993401787e-01 1.563606760859103939e-01 1.570714565127699636e-01
5.395395395395395255e+00 1.607379583286524527e-01 1.603754007422527328e-01 1.611005159150521726e-01
5.405405405405405261e+00 1.657870288015613758e-01 1.654152017512135475e-01 1.661588558519092040e-01
5.415415415415415268e+00 1.718132551490469673e-01 1.714302254452285956e-01 1.721962848528653389e-01
5.425425425425425274e+00 1.787362787911370154e-01 1.783402866202097869e-01 1.791322709620642439e-01
5.435435435435435281e+00 1.864451879219436448e-01 1.860346462790507527e-01 1.868557295648365368e-01
5.445445445445445287e+00 1.947991997947625675e-01 1.943727020467200250e-01 1.952256975428051100e-01
5.455455455455455294e+00 2.036293749738430914e-01 2.031857196585644676e-01 2.040730302891217152e-01
5.465465465465465300e+00 2.127414701064777869e-01 2.122797062096282994e-01 2.132032340033272744e-01
5.475475475475475307e+00 2.219199912870563618e-01 2.214394812641189425e-01 2.224005013099937811e-01
5.485485485485485313e+00 2.309334471967501023e-01 2.304339402721362895e-01 2.314329541213639152e-01
5.495495495495495319e+00 2.395407226943285783e-01 2.390224282494257946e-01 2.400590171392313621e-01
5.505505505505505326e+00 2.474984048805293768e-01 2.469620551967389721e-01 2.480347545643197815e-01
5.515515515515515332e+00 2.545688026787982783e-01 2.540156955733706701e-01 2.551219097842258865e-01
5.525525525525525339e+00 2.605283170930343117e-01 2.599603314418907352e-01 2.610963027441778883e-01
5.535535535535535345e+00 2.651757524751058304e-01 2.645953326007891571e-01 2.657561723494225037e-01
5.545545545545545352e+00 2.683401185977595804e-01 2.677502264998637971e-01 2.689300106956553638e-01
5.555555555555555358e+00 2.698874663093934201e-01 2.692915034155977105e-01 2.704834292031891296e-01
5.565565565565565365e+00 2.697263301597766505e-01 2.691280325328044842e-01 2.703246277867488168e-01
5.575575575575575371e+00 2.678114198522143496e-01 2.672147325623541181e-01 2.684081071420745812e-01
5.585585585585585378e+00 2.641453047309856861e-01 2.635542424052884081e-01 2.647363670566829641e-01
5.595595595595595384e+00 2.587779638371946467e-01 2.581964652495057910e-01 2.593594624248835023e-01
5.605605605605605390e+00 2.518042172584550320e-01 2.512360022525590431e-01 2.523724322643510209e-01
5.615615615615615397e+00 2.433591994767108080e-01 2.428076365370156753e-01 2.439107624164059407e-01
5.625625625625625403e+00 2.336121686036706224e-01 2.330801610168520555e-01 2.341441761904891894e-01
5.635635635635635410e+00 2.227590542862569467e-01 2.222489520748053560e-01 2.232691564977085374e-01
5.645645645645645416e+00 2.110142216861079223e-01 2.105277653211426181e-01 2.115006780510732265e-01
5.655655655655655423e+00 1.986019629600673242e-01 1.981402632236144434e-01 1.990636626965202050e-01
5.665665665665665429e+00 1.857482190779012055e-01 1.853117752580339395e-01 1.861846628977684714e-01
5.675675675675675436e+00 1.726729860259667015e-01 1.722617418024231517e-01 1.730842302495102514e-01
5.685685685685685442e+00 1.595837768881809837e-01 1.591972097914201856e-01 1.599703439849417819e-01
5.695695695695695449e+00 1.466704045148571334e-01 1.463076409233260988e-01 1.470331681063881679e-01
5.705705705705705455e+00 1.341012299274464137e-01 1.337611737613087215e-01 1.344412860935841059e-01
5.715715715715715461e+00 1.220209012267191862e-01 1.217023617164544186e-01 1.223394407369839537e-01
5.725725725725725468e+00 1.105494977030124365e-01 1.102513008871479627e-01 1.108476945188769103e-01
5.735735735735735474e+00 9.978290323813576723e-02 9.950397382423890880e-02 1.000618326520326257e-01
5.745745745745745481e+00 8.979416828118155780e-02 8.953357296741959459e-02 9.005476359494352101e-02
5.755755755755755487e+00 8.063558378321951381e-02 8.039253289543243919e-02 8.087863467100658843e-02
5.765765765765765494e+00 7.234118336116658610e-02 7.211499302117603538e-02 7.256737370115713681e-02
5.775775775775775500e+00 6.492940862490638454e-02 6.471942922453395586e-02 6.513938802527881322e-02
5.785785785785785507e+00 5.840571181713064691e-02 5.821122986989199499e-02 5.860019376436929883e-02
5.795795795795795513e+00 5.276492305296480445e-02 5.258504331420955913e-02 5.294480279172004977e-02
5.805805805805805520e+00 4.799326935037135505e-02 4.782678453015928172e-02 4.815975417058342839e-02
5.815815815815815526e+00 4.406999244432647372e-02 4.391525226009056204e-02 4.422473262856238541e-02
5.825825825825825532e+00 4.096856617047796301e-02 4.082336962531848273e-02 4.111376271563744328e-02
5.835835835835835539e+00 3.865755751311142352e-02 3.851911174242645536e-02 3.879600328379639168e-02
5.845845845845845545e+00 3.710120545361325628e-02 3.696620700919257818e-02 3.723620389803393438e-02
5.855855855855855552e+00 3.625980747995907055e-02 3.612467678500721341e-02 3.639493817491092770e-02
5.865865865865865558e+00 3.609000558156202215e-02 3.595122933331148379e-02 3.622878182981256051e-02
5.875875875875875565e+00 3.654505365370244035e-02 3.639951748733839115e-02 3.669058982006648956e-02
5.885885885885885571e+00 3.757512935843376756e-02 3.742033249308943099e-02 3.772992622377810412e-02
5.895895895895895578e+00 3.912772912026298705e-02 3.896185287775828787e-02 3.929360536276768623e-02
5.905905905905905584e+00 4.114815876301853442e-02 4.097002848364233313e-02 4.132628904239473572e-02
5.915915915915915591e+00 4.358010783924661652e-02 4.338910241475810170e-02 4.377111326373513134e-02
5.925925925925925597e+00 4.636627599026815760e-02 4.616222224755341802e-02 4.657032973298289719e-02
5.935935935935935603e+00 4.944900697025315928e-02 4.923207626354327709e-02 4.966593767696304146e-02
5.945945945945945610e+00 5.277088158876226676e-02 5.254149411437934042e-02 5.300026906314519309e-02
5.955955955955955616e+00 5.627522503828340933e-02 5.603396288610318354e-02 5.651648719046363512e-02
5.965965965965965623e+00 5.990649608037807577e-02 5.965402559493265811e-02 6.015896656582349344e-02
5.975975975975975629e+00 6.361054360162042565e-02 6.334754873736651859e-02 6.387353846587433270e-02
5.985985985985985636e+00 6.733473757896486778e-02 6.706186715792047948e-02 6.760760800000925608e-02
5.995995995995995642e+00 7.102800348021783006e-02 7.074583582243477997e-02 7.131017113800088014e-02
6.006006006006005649e+00 7.464080839329161055e-02 7.434983630263114485e-02 7.493178048395207624e-02
6.016016016016015655e+00 7.812516079262116220e-02 7.782579825323068801e-02 7.842452333201163639e-02
6.026026026026025662e+00 8.143469149502925719e-02 8.112730089436503977e-02 8.174208209569347461e-02
6.036036036036035668e+00 8.452487965017131677e-02 8.420981542822846000e-02 8.483994387211417354e-02
6.046046046046045674e+00 8.735347433091618374e-02 8.703113639116967504e-02 8.767581227066269245e-02
6.056056056056055681e+00 8.988114045840019106e-02 8.955202915212027992e-02 9.021025176468010220e-02
6.066066066066065687e+00 9.207232961015016093e-02 9.173709401461264956e-02 9.240756520568767229e-02
6.076076076076075694e+00 9.389634485913656015e-02 9.355581736813613214e-02 9.423687235013698815e-02
6.086086086086085700e+00 9.532853790509286662e-02 9.498375041063192303e-02 9.567332539955381021e-02
6.096096096096095707e+00 9.635155025093691816e-02 9.600372981287551288e-02 9.669937068899832344e-02
6.106106106106105713e+00 9.695649155447880196e-02 9.660703587812070892e-02 9.730594723083689501e-02
6.116116116116115720e+00 9.714394024578296150e-02 9.679437516656863583e-02 9.749350532499728716e-02
6.126126126126125726e+00 9.692465555542967293e-02 9.657657795266970380e-02 9.727273315818964206e-02
6.136136136136135732e+00 9.631990635047460447e-02 9.597491655357194562e-02 9.666489614737726332e-02
6.146146146146145739e+00 9.536134926417186297e-02 9.502097725875162382e-02 9.570172126959210213e-02
6.156156156156155745e+00 9.409042384712297535e-02 9.375605365552550086e-02 9.442479403872044985e-02
6.166166166166165752e+00 9.255727216024700610e-02 9.223006886503459789e-02 9.288447545545941431e-02
6.176176176176175758e+00 9.081923009958735304e-02 9.050007424394046485e-02 9.113838595523424124e-02
6.186186186186185765e+00 8.893897346588708341e-02 8.862840803484423047e-02 8.924953889692993636e-02
6.196196196196195771e+00 8.698242952944693074e-02 8.668062524801165014e-02 8.728423381088221134e-02
6.206206206206205778e+00 8.501658171479220538e-02 8.472332660241560509e-02 8.530983682716880567e-02
6.216216216216215784e+00 8.310729947646108839e-02 8.282201781804471308e-02 8.339258113487746371e-02
6.226226226226225791e+00 8.131731738896297301e-02 8.103912075749239441e-02 8.159551402043355162e-02
6.236236236236235797e+00 7.970446834732697328e-02 7.943223660386100615e-02 7.997670009079294040e-02
6.246246246246245803e+00 7.832024825886568786e-02 7.805273207163396232e-02 7.858776444609741341e-02
6.256256256256255810e+00 7.720875728475933009e-02 7.694468747318260193e-02 7.747282709633605824e-02
6.266266266266265816e+00 7.640602953936456720e-02 7.614421508874065492e-02 7.666784398998847949e-02
6.276276276276275823e+00 7.593973300111128699e-02 7.567913091000155745e-02 7.620033509222101653e-02
6.286286286286285829e+00 7.582919738211177374e-02 7.556894359572298436e-02 7.608945116850056312e-02
6.296296296296295836e+00 7.608571190713639409e-02 7.582511138166388165e-02 7.634631243260890654e-02
6.306306306306305842e+00 7.671302808995528189e-02 7.645151069652680875e-02 7.697454548338375502e-02
6.316316316316315849e+00 7.770800400969099520e-02 7.744505942742872795e-02 7.797094859195326244e-02
6.326326326326325855e+00 7.906133441872625900e-02 7.879644253978260182e-02 7.932622629766991618e-02
6.336336336336335862e+00 8.075832255226474132e-02 8.049089618183143113e-02 8.102574892269805151e-02
6.346346346346345868e+00 8.277966171612245738e-02 8.250901562129574207e-02 8.305030781094917269e-02
6.356356356356355874e+00 8.510220478187008331e-02 8.482755957462609353e-02 8.537684998911407308e-02
6.366366366366365881e+00 8.769970554162037635e-02 8.742022705872889987e-02 8.797918402451185282e-02
6.376376376376375887e+00 9.054351653424404234e-02 9.025838280470301067e-02 9.082865026378507400e-02
6.386386386386385894e+00 9.360322385834628223e-02 9.331170474278721594e-02 9.389474297390534852e-02
6.396396396396395900e+00 9.684719233689571827e-02 9.654872367987986370e-02 9.714566099391157283e-02
6.406406406406405907e+00 1.002429869009457408e-01 9.993722245821277939e-02 1.005487513436787023e-01
6.416416416416416801e+00 1.037576314286923762e-01 1.034444610747935617e-01 1.040708017825911907e-01
6.426426426426426808e+00 1.073576676007030190e-01 1.070371974432587497e-01 1.076781377581472882e-01
6.436436436436436814e+00 1.110089859274696056e-01 1.106814830385721427e-01 1.113364888163670685e-01
6.446446446446446821e+00 1.146764199446376614e-01 1.143422303298020498e-01 1.150106095594732730e-01
6.456456456456456827e+00 1.183231219194532946e-01 1.179825747313856255e-01 1.186636691075209638e-01
6.466466466466466834e+00 1.219097717317626783e-01 1.215630855834437529e-01 1.222564578800816038e-01
6.476476476476476840e+00 1.253937057617488804e-01 1.250409141272153246e-01 1.257464973962824362e-01
6.486486486486486847e+00 1.287280844399049107e-01 1.283689960090124982e-01 1.290871728707973232e-01
6.496496496496496853e+00 1.318612400681659913e-01 1.314954458421379313e-01 1.322270342941940513e-01
6.506506506506506859e+00 1.347363556139199448e-01 1.343632872423017599e-01 1.351094239855381296e-01
6.516516516516516866e+00 1.372916168037872919e-01 1.369106510880419569e-01 1.376725825195326269e-01
6.526526526526526872e+00 1.394609524768008479e-01 1.390715474141770713e-01 1.398503575394246246e-01
6.536536536536536879e+00 1.411754327781725715e-01 1.407772739505445680e-01 1.415735916058005750e-01
6.546546546546546885e+00 1.423653349462546680e-01 1.419584695907989136e-01 1.427722003017104224e-01
6.556556556556556892e+00 1.429628179967777080e-01 1.425477578307290660e-01 1.433778781628263499e-01
6.566566566566566898e+00 1.429050779792181702e-01 1.424828589467918294e-01 1.433272970116445111e-01
6.576576576576576905e+00 1.421377927965934707e-01 1.417099877637076899e-01 1.425655978294792514e-01
6.586586586586586911e+00 1.406186175998105636e-01 1.401873045911918580e-01 1.410499306084292692e-01
6.596596596596596918e+00 1.383204648400268300e-01 1.378881577844609796e-01 1.387527718955926803e-01
6.606606606606606924e+00 1.352343012589819760e-01 1.348038524418991579e-01 1.356647500760647940e-01
6.616616616616616930e+00 1.313712186372325286e-01 1.309457026895793907e-01 1.317967345848856664e-01
6.626626626626626937e+00 1.267635841680999631e-01 1.263461730381427728e-01 1.271809952980571534e-01
6.636636636636636943e+00 1.214651451975130997e-01 1.210589826064545627e-01 1.218713077885716367e-01
6.646646646646646950e+00 1.155500448039651074e-01 1.151581274513018421e-01 1.159419621566283726e-01
6.656656656656656956e+00 1.091107909083705169e-01 1.087358623133960200e-01 1.094857195033450137e-01
6.666666666666666963e+00 1.022553035221956119e-01 1.018997649354700386e-01 1.026108421089211853e-01
6.676676676676676969e+00 9.510323423104363738e-02 9.476907556302677227e-02 9.543739289906050249e-02
6.686686686686686976e+00 8.778180250799021145e-02 8.747055472824320776e-02 8.809305028773721513e-02
6.696696696696696982e+00 8.042142066171741044e-02 8.013412963987839865e-02 8.070871168355642222e-02
6.706706706706706989e+00 7.315138150318487020e-02 7.288860179604988998e-02 7.341416121031985043e-02
6.716716716716716995e+00 6.609586121235112854e-02 6.585766682446274334e-02 6.633405560023951375e-02
6.726726726726727001e+00 5.937044787034240906e-02 5.915645545650596165e-02 5.958444028417885646e-02
6.736736736736737008e+00 5.307934903351087946e-02 5.288874723834073588e-02 5.326995082868102305e-02
6.746746746746747014e+00 4.731336605936775630e-02 4.714494252571933830e-02 4.748178959301617430e-02
6.756756756756757021e+00 4.214865550826664420e-02 4.200081045373450783e-02 4.229650056279878056e-02
6.766766766766767027e+00 3.764623529859967288e-02 3.751696802080967119e-02 3.777550257638967457e-02
6.776776776776777034e+00 3.385214080553837490e-02 3.373899591300164730e-02 3.396528569807510251e-02
6.786786786786787040e+00 3.079809768273866419e-02 3.069807019745142418e-02 3.089812516802590420e-02
6.796796796796797047e+00 2.850255602727477106e-02 2.841199638739471539e-02 2.859311566715482672e-02
6.806806806806807053e+00 2.697192500497145456e-02 2.688656149409514307e-02 2.705728851584776606e-02
6.816816816816817060e+00 2.620185700799110631e-02 2.611708178037890765e-02 2.628663223560330497e-02
6.826826826826827066e+00 2.617845334051119299e-02 2.608984230173035448e-02 2.626706437929203150e-02
6.836836836836837072e+00 2.687929594585497170e-02 2.678307090070684154e-02 2.697552099100310186e-02
6.846846846846847079e+00 2.827424796834300882e-02 2.816744226839027962e-02 2.838105366829573803e-02
6.856856856856857085e+00 3.032600610588663190e-02 3.020638190021084774e-02 3.044563031156241606e-02
6.866866866866867092e+00 3.299042616784187559e-02 3.285631021059604029e-02 3.312454212508771090e-02
6.876876876876877098e+00 3.621667696042465273e-02 3.606681788466246930e-02 3.636653603618683617e-02
6.886886886886887105e+00 3.994730421917418173e-02 3.978077734776898355e-02 4.011383109057937990e-02
6.896896896896897111e+00 4.411830417292720435e-02 4.393445637394768899e-02 4.430215197190671972e-02
6.906906906906907118e+00 4.865931454818066271e-02 4.845773524490771395e-02 4.886089385145361147e-02
6.916916916916917124e+00 5.349402913661471110e-02 5.327453627078566900e-02 5.371352200244375319e-02
6.926926926926927131e+00 5.854093072588829882e-02 5.830356450125596945e-02 5.877829695052062819e-02
6.936936936936937137e+00 6.371441696147922551e-02 6.345943738579792881e-02 6.396939653716052221e-02
6.946946946946947143e+00 6.892636567884086185e-02 6.865425198177688149e-02 6.919847937590484221e-02
6.956956956956957150e+00 7.408815188622440429e-02 7.379960298506245409e-02 7.437670078738635449e-02
6.966966966966967156e+00 7.911308969917560385e-02 7.880902523812202687e-02 7.941715416022918084e-02
6.976976976976977163e+00 8.391923129057429764e-02 8.360079260142565249e-02 8.423766997972294279e-02
6.986986986986987169e+00 8.843241383943049871e-02 8.810096365812263020e-02 8.876386402073836723e-02
6.996996996996997176e+00 9.258940736947413042e-02 9.224652648648759556e-02 9.293228825246066527e-02
7.007007007007007182e+00 9.634098432575864679e-02 9.598846272817000702e-02 9.669350592334728656e-02
7.017017017017017189e+00 9.965470887327688987e-02 9.929452850086191440e-02 1.000148892456918653e-01
7.027027027027027195e+00 1.025172331786517732e-01 1.021515392627382057e-01 1.028829270945653407e-01
7.037037037037037202e+00 1.049358918555197417e-01 1.045669499714611261e-01 1.053048337395783574e-01
7.047047047047047208e+00 1.069394060261315144e-01 1.065695424460875312e-01 1.073092696061754975e-01
7.057057057057057214e+00 1.085775456719005883e-01 1.082090693029885003e-01 1.089460220408126762e-01
7.067067067067067221e+00 1.099196523300965123e-01 1.095547574341443342e-01 1.102845472260486903e-01
7.077077077077077227e+00 1.110519914165423033e-01 1.106926414959112093e-01 1.114113413371733974e-01
7.087087087087087234e+00 1.120739806333096167e-01 1.117217755830881565e-01 1.124261856835310769e-01
7.097097097097097240e+00 1.130934227799215569e-01 1.127494541765480390e-01 1.134373913832950748e-01
7.107107107107107247e+00 1.142209514977963192e-01 1.138856555222893668e-01 1.145562474733032715e-01
7.117117117117117253e+00 1.155639701691299620e-01 1.152369949254172243e-01 1.158909454128426997e-01
7.127127127127127260e+00 1.172204205747877787e-01 1.169005342084847576e-01 1.175403069410907997e-01
7.137137137137137266e+00 1.192727529816586252e-01 1.189578278680577944e-01 1.195876780952594559e-01
7.147147147147147273e+00 1.217824785176000041e-01 1.214695872003776905e-01 1.220953698348223176e-01
7.157157157157157279e+00 1.247856654727414888e-01 1.244713062755837263e-01 1.251000246698992513e-01
7.167167167167167285e+00 1.282896934444793524e-01 1.279701257543656712e-01 1.286092611345930337e-01
7.177177177177177292e+00 1.322715055366245063e-01 1.319431326963976525e-01 1.325998783768513600e-01
7.187187187187187298e+00 1.366775041606405616e-01 1.363372230610190305e-01 1.370177852602620927e-01
7.197197197197197305e+00 1.414251275463797586e-01 1.410705817568206344e-01 1.417796733359388828e-01
7.207207207207207311e+00 1.464060305562222275e-01 1.460357435028417361e-01 1.467763176096027189e-01
7.217217217217217318e+00 1.514906842387368502e-01 1.511040842737889078e-01 1.518772842036847925e-01
7.227227227227227324e+00 1.565341129889304406e-01 1.561314790620294546e-01 1.569367469158314266e-01
7.237237237237237331e+00 1.613824143178045900e-01 1.609647716979588361e-01 1.618000569376503439e-01
7.247247247247247337e+00 1.658796602468697035e-01 1.654486490908859131e-01 1.663106714028534938e-01
7.257257257257257343e+00 1.698747648166804014e-01 1.694324970016390097e-01 1.703170326317217931e-01
7.267267267267267350e+00 1.732279197753348876e-01 1.727768340472018160e-01 1.736790055034679592e-01
7.277277277277277356e+00 1.758162478247479732e-01 1.753589701991811189e-01 1.762735254503148274e-01
7.287287287287287363e+00 1.775383947546567698e-01 1.770776095604448264e-01 1.779991799488687132e-01
7.297297297297297369e+00 1.783178711316397158e-01 1.778562073478764105e-01 1.787795349154030211e-01
7.307307307307307376e+00 1.781050523038476274e-01 1.776449893274723302e-01 1.785651152802229247e-01
7.317317317317317382e+00 1.768778432730409578e-01 1.764216395860489783e-01 1.773340469600329372e-01
7.327327327327327389e+00 1.746411039295241441e-01 1.741907510996464625e-01 1.750914567594018256e-01
7.337337337337337395e+00 1.714250030800255897e-01 1.709822060393799692e-01 1.718678001206712103e-01
7.347347347347347402e+00 1.672825215189633896e-01 1.668487041580549168e-01 1.677163388798718624e-01
7.357357357357357408e+00 1.622863524607635055e-01 1.618626854136836213e-01 1.627100195078433897e-01
7.367367367367367414e+00 1.565254519002090283e-01 1.561128972691764594e-01 1.569380065312415973e-01
7.377377377377377421e+00 1.501014742187839202e-01 1.497008402682126760e-01 1.505021081693551643e-01
7.387387387387387427e+00 1.431252938540344133e-01 1.427372917739272440e-01 1.435132959341415826e-01
7.397397397397397434e+00 1.357137676365408330e-01 1.353390625922958335e-01 1.360884726807858325e-01
7.407407407407407440e+00 1.279868405648841856e-01 1.276260904497040216e-01 1.283475906800643496e-01
7.417417417417417447e+00 1.200650462592676437e-01 1.197189236138989504e-01 1.204111689046363370e-01
7.427427427427427453e+00 1.120674072172906793e-01 1.117366022364848221e-01 1.123982121980965365e-01
7.437437437437437460e+00 1.041097031325419198e-01 1.037949080142075986e-01 1.044244982508762409e-01
7.447447447447447466e+00 9.630305023920844587e-02 9.600492688940211183e-02 9.660117358901477991e-02
7.457457457457457473e+00 8.875272164813026443e-02 8.847185563172441092e-02 8.903358766453611794e-02
7.467467467467467479e+00 8.155713726443687694e-02 8.129398077462385297e-02 8.182029375424990092e-02
7.477477477477477485e+00 7.480696032908099036e-02 7.456176589665930443e-02 7.505215476150267628e-02
7.487487487487487492e+00 6.858425338187257303e-02 6.835699828477943829e-02 6.881150847896570777e-02
7.497497497497497498e+00 6.296166665509858595e-02 6.275196602586555206e-02 6.317136728433161985e-02
7.507507507507507505e+00 5.800165376577921111e-02 5.780865936987500397e-02 5.819464816168341825e-02
7.517517517517517511e+00 5.375573059136509041e-02 5.357801466887866793e-02 5.393344651385151289e-02
7.527527527527527518e+00 5.026381138946369592e-02 5.009924548804861599e-02 5.042837729087877585e-02
7.537537537537537524e+00 4.755367011312621600e-02 4.739933295266850893e-02 4.770800727358392307e-02
7.547547547547547531e+00 4.564058356857395721e-02 4.549276639950531470e-02 4.578840073764259971e-02
7.557557557557557537e+00 4.452721610027782218e-02 4.438160748360323732e-02 4.467282471695240703e-02
7.567567567567567544e+00 4.420380275932411090e-02 4.405587309248334277e-02 4.435173242616487904e-02
7.577577577577577550e+00 4.464867956646742519e-02 4.449415547275811095e-02 4.480320366017673944e-02
7.587587587587587556e+00 4.582919588511962655e-02 4.566444267828322079e-02 4.599394909195603232e-02
7.597597597597597563e+00 4.770302564381651705e-02 4.752523216647325244e-02 4.788081912115978167e-02
7.607607607607607569e+00 5.021987200745274549e-02 5.002706120994949296e-02 5.041268280495599802e-02
7.617617617617617576e+00 5.332353520610721292e-02 5.311448194991675448e-02 5.353258846229767137e-02
7.627627627627627582e+00 5.695428705016917365e-02 5.672840930838366630e-02 5.718016479195468099e-02
7.637637637637637589e+00 6.105147000510260935e-02 6.080872500108185780e-02 6.129421500912336090e-02
7.647647647647647595e+00 6.555621568149269662e-02 6.529700852076382456e-02 6.581542284222156869e-02
7.657657657657657602e+00 7.041415949302172461e-02 7.013926120587070379e-02 7.068905778017274544e-02
7.667667667667667608e+00 7.557801727940564873e-02 7.528848647987147757e-02 7.586754807893981989e-02
7.677677677677677615e+00 8.100988780412403389e-02 8.070699092947407338e-02 8.131278467877399441e-02
7.687687687687687621e+00 8.668315354180326782e-02 8.636828059739541652e-02 8.699802648621111911e-02
7.697697697697697627e+00 9.258387152550641430e-02 9.225844652392417578e-02 9.290929652708865283e-02
7.707707707707707634e+00 9.871157562881030523e-02 9.837696320199458555e-02 9.904618805562602490e-02
7.717717717717717640e+00 1.050794497627399876e-01 1.047368616737879288e-01 1.054220378516920464e-01
7.727727727727727647e+00 1.117138752356586773e-01 1.113642826505110844e-01 1.120634678208062701e-01
7.737737737737737653e+00 1.186534012265441779e-01 1.182974604184294093e-01 1.190093420346589465e-01
7.747747747747747660e+00 1.259472306841842304e-01 1.255852309174034509e-01 1.263092304509650099e-01
7.757757757757757666e+00 1.336533506000432969e-01 1.332851926577094392e-01 1.340215085423771546e-01
7.767767767767767673e+00 1.418364615009964358e-01 1.414616730481631779e-01 1.422112499538296937e-01
7.777777777777777679e+00 1.505658730085945307e-01 1.501836624444972679e-01 1.509480835726917936e-01
7.787787787787787686e+00 1.599135284872139351e-01 1.595228726747505155e-01 1.603041842996773547e-01
7.797797797797797692e+00 1.699523017276377557e-01 1.695520565141744318e-01 1.703525469411010795e-01
7.807807807807807698e+00 1.807546734410204470e-01 1.803436912679494131e-01 1.811656556140914809e-01
7.817817817817817705e+00 1.923918477276521932e-01 1.919690855086939874e-01 1.928146099466103991e-01
7.827827827827827711e+00 2.049333125368257291e-01 2.044979156961610756e-01 2.053687093774903827e-01
7.837837837837837718e+00 2.184467882262003391e-01 2.179981422118590362e-01 2.188954342405416420e-01
7.847847847847847724e+00 2.329984498718720154e-01 2.325361967338502311e-01 2.334607030098937996e-01
7.857857857857857731e+00 2.486532571707955885e-01 2.481772802477558437e-01 2.491292340938353334e-01
7.867867867867867737e+00 2.654751854058223781e-01 2.649855688808608334e-01 2.659648019307839228e-01
7.877877877877877744e+00 2.835271260800447113e-01 2.830240979802874923e-01 2.840301541798019302e-01
7.887887887887887750e+00 3.028702196200885877e-01 3.023540870273342396e-01 3.033863522128429357e-01
7.897897897897897757e+00 3.235623971082567385e-01 3.230334813349874379e-01 3.240913128815260391e-01
7.907907907907907763e+00 3.456559443528985365e-01 3.451145220136705438e-01 3.461973666921265291e-01
7.917917917917917769e+00 3.691939596376743737e-01 3.686402132656025343e-01 3.697477060097462132e-01
7.927927927927927776e+00 3.942056549053969960e-01 3.936396343927151542e-01 3.947716754180788379e-01
7.937937937937937782e+00 4.207005463228146724e-01 4.201221404154092398e-01 4.212789522302201051e-01
7.947947947947947789e+00 4.486616900566623989e-01 4.480706058406201397e-01 4.492527742727046580e-01
7.957957957957957795e+00 4.780382369371873330e-01 4.774339850877803992e-01 4.786424887865942668e-01
7.967967967967967802e+00 5.087376979988967873e-01 5.081195826813320604e-01 5.093558133164615143e-01
7.977977977977977808e+00 5.406184224593776344e-01 5.399855370050367087e-01 5.412513079137185601e-01
7.987987987987987815e+00 5.734828799007011257e-01 5.728341121667007707e-01 5.741316476347014808e-01
7.997997997997997821e+00 6.070723978449916736e-01 6.064064515967373392e-01 6.077383440932460079e-01
8.008008008008008716e+00 6.410640233669870902e-01 6.403794630697324797e-01 6.417485836642417008e-01
8.018018018018018722e+00 6.750701431756404025e-01 6.743654684111589637e-01 6.757748179401218414e-01
8.028028028028028729e+00 7.086414040548214555e-01 7.079151561351118005e-01 7.093676519745311104e-01
8.038038038038038735e+00 7.412733225363654643e-01 7.405242203225224085e-01 7.420224247502085202e-01
8.048048048048048742e+00 7.724167628342735181e-01 7.716438585865826871e-01 7.731896670819643491e-01
8.058058058058058748e+00 8.014922055916751109e-01 8.006950465020409302e-01 8.022893646813092916e-01
8.068068068068068754e+00 8.279074436691133965e-01 8.270862219016729133e-01 8.287286654365538796e-01
8.078078078078078761e+00 8.510780475568556769e-01 8.502337217312105899e-01 8.519223733825007638e-01
8.088088088088088767e+00 8.704496685269630385e-01 8.695840423461809188e-01 8.713152947077451582e-01
8.098098098098098774e+00 8.855210202774531636e-01 8.846367685650383672e-01 8.864052719898679600e-01
8.108108108108108780e+00 8.958662257935376960e-01 8.949668635272696182e-01 8.967655880598057738e-01
8.118118118118118787e+00 9.011551567508824245e-01 9.002449519029220859e-01 9.020653615988427632e-01
8.128128128128128793e+00 9.011704413251869772e-01 9.002542768852529464e-01 9.020866057651210079e-01
8.138138138138138800e+00 8.958199758828685466e-01 8.949031700923762989e-01 8.967367816733607944e-01
8.148148148148148806e+00 8.851440384240731873e-01 8.842321349178681178e-01 8.860559419302782569e-01
8.158158158158158813e+00 8.693164474148568077e-01 8.684149886895553561e-01 8.702179061401582594e-01
8.168168168168168819e+00 8.486396097905699598e-01 8.477539082715612739e-01 8.495253113095786457e-01
8.178178178178178825e+00 8.235337208329973624e-01 8.226686418816454571e-01 8.243987997843492677e-01
8.188188188188188832e+00 7.945207779168182993e-01 7.936805484815752099e-01 7.953610073520613888e-01
8.198198198198198838e+00 7.622044129267986357e-01 7.613924682433004243e-01 7.630163576102968470e-01
8.208208208208208845e+00 7.272468033619001737e-01 7.264656821368784545e-01 7.280279245869218929e-01
8.218218218218218851e+00 6.903440679376162681e-01 6.895953637142540060e-01 6.910927721609785301e-01
8.228228228228228858e+00 6.522015787967020417e-01 6.514859515130158041e-01 6.529172060803882793e-01
8.238238238238238864e+00 6.135105317876775599e-01 6.128277787037728075e-01 6.141932848715823123e-01
8.248248248248248871e+00 5.749269233262642720e-01 5.742761024672284886e-01 5.755777441853000553e-01
8.258258258258258877e+00 5.370538117285766910e-01 5.364334041586792390e-01 5.376742192984741431e-01
8.268268268268268884e+00 5.004274240126680429e-01 4.998355147023759715e-01 5.010193333229601143e-01
8.278278278278278890e+00 4.655073402369519497e-01 4.649417927575920095e-01 4.660728877163118899e-01
8.288288288288288896e+00 4.326706794940172740e-01 4.321292791993778248e-01 4.332120797886567232e-01
8.298298298298298903e+00 4.022099527119661344e-01 4.016904976515841552e-01 4.027294077723481136e-01
8.308308308308308909e+00 3.743340575841992424e-01 3.738343858781778550e-01 3.748337292902206297e-01
8.318318318318318916e+00 3.491717807563194387e-01 3.486897357805590070e-01 3.496538257320798704e-01
8.328328328328328922e+00 3.267771422847171592e-01 3.263104902536374530e-01 3.272437943157968654e-01
8.338338338338338929e+00 3.071359585331741582e-01 3.066822845541529730e-01 3.075896325121953434e-01
8.348348348348348935e+00 2.901730959526226949e-01 2.897297123734723923e-01 2.906164795317729976e-01
8.358358358358358942e+00 2.757600187904795663e-01 2.753239215589704525e-01 2.761961160219886802e-01
8.368368368368368948e+00 2.637223762666570659e-01 2.632902785641550447e-01 2.641544739691590871e-01
8.378378378378378954e+00 2.538475080341217605e-01 2.534159640541380765e-01 2.542790520141054444e-01
8.388388388388388961e+00 2.458918535945013584e-01 2.454574613225896929e-01 2.463262458664130239e-01
8.398398398398398967e+00 2.395883202342186102e-01 2.391479684455091737e-01 2.400286720229280468e-01
8.408408408408408974e+00 2.346536900703952988e-01 2.342048020022987342e-01 2.351025781384918634e-01
8.418418418418418980e+00 2.307961316325234935e-01 2.303368616198834817e-01 2.312554016451635053e-01
8.428428428428428987e+00 2.277228324707330775e-01 2.272521886643313616e-01 2.281934762771347935e-01
8.438438438438438993e+00 2.251476981845059178e-01 2.246655847322047705e-01 2.256298116368070650e-01
8.448448448448449000e+00 2.227989838677634227e-01 2.223061713271155815e-01 2.232917964084112639e-01
8.458458458458459006e+00 2.204266503107363273e-01 2.199246906824053049e-01 2.209286099390673497e-01
8.468468468468469013e+00 2.178091817043926459e-01 2.173002858306460616e-01 2.183180775781392302e-01
8.478478478478479019e+00 2.147595731360077975e-01 2.142464662214732529e-01 2.152726800505423421e-01
8.488488488488489025e+00 2.111301997195893509e-01 2.106159677126038243e-01 2.116444317265748776e-01
8.498498498498499032e+00 2.068163151194550853e-01 2.063042518218410615e-01 2.073283784170691091e-01
8.508508508508509038e+00 2.017579916100233073e-01 2.012514540025540366e-01 2.022645292174925780e-01
8.518518518518519045e+00 1.959403993629756924e-01 1.954426766734604359e-01 1.964381220524909488e-01
8.528528528528529051e+00 1.893924198261575376e-01 1.889066201390086908e-01 1.898782195133063844e-01
8.538538538538539058e+00 1.821836864586916516e-01 1.817126430039928131e-01 1.826547299133904900e-01
8.548548548548549064e+00 1.744202358012884035e-01 1.739664333722483469e-01 1.748740382303284602e-01
8.558558558558559071e+00 1.662390246288422690e-01 1.658045448362136798e-01 1.666735044214708583e-01
8.568568568568569077e+00 1.578016189739291364e-01 1.573881012934794932e-01 1.582151366543787796e-01
8.578578578578579084e+00 1.492873852652313871e-01 1.488959991611632505e-01 1.496787713692995236e-01
8.588588588588589090e+00 1.408865127760756675e-01 1.405179347368479548e-01 1.412550908153033802e-01
8.598598598598599096e+00 1.327931727065093936e-01 1.324475610467873987e-01 1.331387843662313886e-01
8.608608608608609103e+00 1.251990771855533147e-01 1.248760373681471053e-01 1.255221170029595379e-01
8.618618618618619109e+00 1.182876471319147110e-01 1.179861819323474864e-01 1.185891123314819356e-01
8.628628628628629116e+00 1.122289374816230617e-01 1.119473809579480533e-01 1.125104940052980701e-01
8.638638638638639122e+00 1.071754076462298200e-01 1.069113516280717630e-01 1.074394636643878770e-01
8.648648648648649129e+00 1.032585691277438517e-01 1.030088072993422810e-01 1.035083309561454223e-01
8.658658658658659135e+00 1.005864946016609557e-01 1.003470291549513477e-01 1.008259600483705637e-01
8.668668668668669142e+00 9.924213565320590125e-02 9.900830098851680361e-02 9.947597031789499888e-02
8.678678678678679148e+00 9.928237049430323202e-02 9.904910415845871730e-02 9.951563683014774675e-02
8.688688688688689155e+00 1.007376880109964318e-01 1.004999133118890664e-01 1.009754627101037971e-01
8.698698698698699161e+00 1.036124091426141175e-01 1.033654264635345682e-01 1.038593918216936668e-01
8.708708708708709167e+00 1.078853491025817263e-01 1.076251255962555747e-01 1.081455726089078778e-01
8.718718718718719174e+00 1.135108323288264026e-01 1.132341395001189993e-01 1.137875251575338059e-01
8.728728728728729180e+00 1.204199843445255963e-01 1.201244029562818921e-01 1.207155657327693005e-01
8.738738738738739187e+00 1.285222391574269984e-01 1.282060834342164946e-01 1.288383948806375023e-01
8.748748748748749193e+00 1.377070159417832507e-01 1.373692250928933156e-01 1.380448067906731857e-01
8.758758758758759200e+00 1.478455333381525350e-01 1.474855607419595649e-01 1.482055059343455050e-01
8.768768768768769206e+00 1.587927428416797682e-01 1.584104575173366225e-01 1.591750281660229138e-01
8.778778778778779213e+00 1.703893737252452634e-01 1.699849791270481858e-01 1.707937683234423409e-01
8.788788788788789219e+00 1.824640902416293231e-01 1.820380606477010055e-01 1.828901198355576407e-01
8.798798798798799226e+00 1.948357671225177667e-01 1.943887997969213077e-01 1.952827344481142258e-01
8.808808808808809232e+00 2.073158914615937931e-01 2.068488718790702785e-01 2.077829110441173077e-01
8.818818818818819238e+00 2.197110979355895166e-01 2.192250749639964857e-01 2.201971209071825475e-01
8.828828828828829245e+00 2.318258401701076277e-01 2.313220079803381679e-01 2.323296723598770874e-01
8.838838838838839251e+00 2.434651942669213698e-01 2.429448778791278851e-01 2.439855106547148544e-01
8.848848848848849258e+00 2.544377816107678547e-01 2.539024234395030888e-01 2.549731397820326206e-01
8.858858858858859264e+00 2.645587877008213074e-01 2.640099332415077327e-01 2.651076421601348820e-01
8.868868868868869271e+00 2.736530425948136003e-01 2.730923244314902854e-01 2.742137607581369152e-01
8.878878878878879277e+00 2.815581172720427183e-01 2.809872377319266312e-01 2.821289968121588054e-01
8.888888888888889284e+00 2.881273794074866168e-01 2.875480932355446440e-01 2.887066655794285897e-01
8.898898898898899290e+00 2.932329422016824449e-01 2.926470413578360907e-01 2.938188430455287992e-01
8.908908908908909297e+00 2.967684314347658336e-01 2.961777343421997943e-01 2.973591285273318729e-01
8.918918918918919303e+00 2.986514891872549815e-01 2.980578363798578878e-01 2.992451419946520752e-01
8.928928928928929309e+00 2.988259280950807395e-01 2.982311852418251252e-01 2.994206709483363538e-01
8.938938938938939316e+00 2.972634480594785189e-01 2.966695159343079591e-01 2.978573801846490787e-01
8.948948948948949322e+00 2.939648286432744451e-01 2.933736580298687557e-01 2.945559992566801344e-01
8.958958958958959329e+00 2.889605156742759973e-01 2.883741237823163606e-01 2.895469075662356340e-01
8.968968968968969335e+00 2.823105306193611219e-01 2.817310146688316586e-01 2.828900465698905853e-01
8.978978978978979342e+00 2.741036467733695692e-01 2.735331902081911681e-01 2.746741033385479702e-01
8.988988988988989348e+00 2.644557976389515508e-01 2.638966650371381562e-01 2.650149302407649454e-01
8.998998998998999355e+00 2.535077100109246473e-01 2.529622280676577240e-01 2.540531919541915706e-01
9.009009009009009361e+00 2.414217865493990811e-01 2.408923102819422457e-01 2.419512628168559165e-01
9.019019019019019368e+00 2.283782986307625329e-01 2.278671638750348061e-01 2.288894333864902597e-01
9.029029029029029374e+00 2.145709878774930690e-01 2.140804529032363512e-01 2.150615228517497868e-01
9.039039039039039380e+00 2.002022112502842011e-01 1.997343916682958465e-01 2.006700308322725557e-01
9.049049049049049387e+00 1.854777968297359747e-01 1.850345987536103909e-01 1.859209949058615585e-01
9.059059059059059393e+00 1.706018022658163380e-01 1.701848588792473915e-01 1.710187456523852845e-01
9.069069069069069400e+00 1.557713825097466198e-01 1.553819988240179029e-01 1.561607661954753368e-01
9.079079079079079406e+00 1.411719757599385339e-01 1.408110855311271725e-01 1.415328659887498952e-01
9.089089089089089413e+00 1.269730054639968686e-01 1.266411431154382816e-01 1.273048678125554556e-01
9.099099099099099419e+00 1.133242718691882117e-01 1.130215609809825383e-01 1.136269827573938851e-01
9.109109109109109426e+00 1.003531704227336729e-01 1.000793290470622515e-01 1.006270117984050944e-01
9.119119119119119432e+00 8.816282888792187356e-02 8.791719074647315335e-02 8.840846702937059376e-02
9.129129129129129439e+00 7.683120386749336950e-02 7.661275347732834917e-02 7.704965425765838982e-02
9.139139139139139445e+00 6.641112456812151010e-02 6.621854358573772692e-02 6.660370555050529329e-02
9.149149149149149451e+00 5.693122125867169925e-02 5.676294285871386763e-02 5.709949965862953086e-02
9.159159159159159458e+00 4.839763180452784364e-02 4.825189972083780005e-02 4.854336388821788723e-02
9.169169169169169464e+00 4.079634501569933541e-02 4.067127394531438317e-02 4.092141608608428766e-02
9.179179179179179471e+00 3.409601644136807386e-02 3.398965080531646255e-02 3.420238207741968517e-02
9.189189189189189477e+00 2.825108163318424889e-02 2.816145014806248695e-02 2.834071311830601084e-02
9.199199199199199484e+00 2.320499356724674972e-02 2.313015764957383757e-02 2.327982948491966186e-02
9.209209209209209490e+00 1.889342358977852410e-02 1.883151823235473463e-02 1.895532894720231357e-02
9.219219219219219497e+00 1.524728683355909380e-02 1.519655320623833523e-02 1.529802046087985236e-02
9.229229229229229503e+00 1.219548090282955750e-02 1.215429049505925216e-02 1.223667131059986285e-02
9.239239239239239510e+00 9.667257884621622763e-03 9.634128490985075996e-03 9.700387278258169529e-03
9.249249249249249516e+00 7.594181637127431737e-03 7.567785869313168809e-03 7.620577404941694666e-03
9.259259259259259522e+00 5.911652388790232526e-03 5.890819669051930441e-03 5.932485108528534612e-03
9.269269269269269529e+00 4.560007030632476192e-03 4.543720184372447221e-03 4.576293876892505164e-03
9.279279279279279535e+00 3.485224791980516632e-03 3.472612420293546848e-03 3.497837163667486416e-03
9.289289289289289542e+00 2.639283587007037676e-03 2.629609379333400394e-03 2.648957794680674958e-03
9.299299299299299548e+00 1.980222126010627512e-03 1.972872187218199357e-03 1.987572064803055667e-03
9.309309309309309555e+00 1.471967309217490612e-03 1.466436444218592247e-03 1.477498174216388977e-03
9.319319319319319561e+00 1.083986227719498313e-03 1.079863969010141792e-03 1.088108486428854835e-03
9.329329329329329568e+00 7.908182680322665102e-04 7.877752639454898122e-04 7.938612721190432082e-04
9.339339339339339574e+00 5.715364182888224001e-04 5.693116357842200551e-04 5.737612007934247450e-04
9.349349349349349581e+00 4.091789393083811893e-04 4.075679847814298062e-04 4.107898938353325724e-04
9.359359359359359587e+00 2.901840108998448545e-04 2.890287423192325973e-04 2.913392794804571116e-04
9.369369369369369593e+00 2.038515411154412295e-04 2.030310381762576752e-04 2.046720440546247839e-04
9.379379379379379600e+00 1.418485875194828809e-04 1.412714642159545184e-04 1.424257108230112434e-04
9.389389389389389606e+00 9.776814432099256485e-05 9.736612918874962567e-05 9.817015945323550403e-05
9.399399399399399613e+00 6.674558142624184088e-05 6.646825212224567595e-05 6.702291073023800580e-05
9.409409409409409619e+00 4.513282033900581857e-05 4.494335788573664367e-05 4.532228279227499347e-05
9.419419419419419626e+00 3.022732805044554626e-05 3.009914835102879923e-05 3.035550774986229330e-05
9.429429429429429632e+00 2.005106214505259098e-05 1.996518474334767071e-05 2.013693954675751125e-05
9.439439439439439639e+00 1.317342751614315558e-05 1.311645083580316444e-05 1.323040419648314671e-05
9.449449449449449645e+00 8.571914154275643506e-06 8.534479897745999292e-06 8.609348410805287721e-06
9.459459459459459651e+00 5.524190896433782927e-06 5.499835763364616849e-06 5.548546029502949005e-06
9.469469469469469658e+00 3.525867072522897975e-06 3.510175856637670072e-06 3.541558288408125879e-06
9.479479479479479664e+00 2.228765887837333759e-06 2.218755216043967793e-06 2.238776559630699725e-06
9.489489489489489671e+00 1.395273621614592421e-06 1.388949411600924494e-06 1.401597831628260349e-06
9.499499499499499677e+00 8.650598378767756451e-07 8.611036050854055404e-07 8.690160706681457497e-07
9.509509509509509684e+00 5.311539457599463187e-07 5.287032686134492247e-07 5.336046229064434126e-07
9.519519519519519690e+00 3.229818054749913878e-07 3.214786100852869842e-07 3.244850008646957913e-07
9.529529529529529697e+00 1.944980178211168702e-07 1.935850271254166097e-07 1.954110085168171308e-07
9.539539539539539703e+00 1.159920060852799712e-07 1.154429262388117476e-07 1.165410859317481948e-07
9.549549549549549710e+00 6.850356211760840898e-08 6.817658325216085976e-08 6.883054098305595821e-08
9.559559559559559716e+00 4.006517869655239474e-08 3.987237479633611430e-08 4.025798259676867517e-08
9.569569569569569722e+00 2.320526937936835017e-08 2.309269982222094056e-08 2.331783893651575978e-08
9.579579579579579729e+00 1.330971176142808713e-08 1.324463404672546207e-08 1.337478947613071219e-08
9.589589589589589735e+00 7.559798576001410753e-09 7.522546787468375904e-09 7.597050364534445603e-09
9.599599599599599742e+00 4.252149111764196758e-09 4.231035482699668567e-09 4.273262740828724950e-09
9.609609609609609748e+00 2.368430763739860497e-09 2.356581889032438241e-09 2.380279638447282753e-09
9.619619619619619755e+00 1.306364012584720730e-09 1.299780048748766330e-09 1.312947976420675129e-09
9.629629629629629761e+00 7.135369764221492585e-10 7.099146162460317512e-10 7.171593365982667658e-10
9.639639639639639768e+00 3.859357970097950440e-10 3.839625223197819566e-10 3.879090716998081314e-10
9.649649649649649774e+00 2.067081355110046194e-10 2.056438132731068859e-10 2.077724577489023528e-10
9.659659659659659781e+00 1.096331026275542664e-10 1.090647125960357845e-10 1.102014926590727483e-10
9.669669669669669787e+00 5.757914885542505882e-11 5.727860653567201046e-11 5.787969117517810717e-11
9.679679679679679793e+00 2.994511719479860060e-11 2.978777365802803391e-11 3.010246073156916729e-11
9.689689689689689800e+00 1.542133376455604853e-11 1.533977425901176382e-11 1.550289327010033323e-11
9.699699699699699806e+00 7.864135033964795271e-12 7.822276785397311558e-12 7.905993282532278984e-12
9.709709709709709813e+00 3.971102636934159812e-12 3.949832671724613042e-12 3.992372602143706582e-12
9.719719719719719819e+00 1.985639750096612379e-12 1.974938603733063745e-12 1.996340896460161013e-12
9.729729729729729826e+00 9.831439783380179540e-13 9.778134502605764565e-13 9.884745064154594515e-13
9.739739739739739832e+00 4.820135846817506528e-13 4.793846169926044667e-13 4.846425523708968389e-13
9.749749749749749839e+00 2.340050007534709854e-13 2.327212695931277372e-13 2.352887319138142336e-13
9.759759759759759845e+00 1.124897532904035252e-13 1.118691193260886382e-13 1.131103872547184122e-13
9.769769769769769852e+00 5.354526314783935939e-14 5.324818652839270242e-14 5.384233976728601637e-14
9.779779779779779858e+00 2.523758293281474371e-14 2.509679293586688790e-14 2.537837292976259952e-14
9.789789789789789864e+00 1.177853969849508448e-14 1.171247879897042132e-14 1.184460059801974763e-14
9.799799799799799871e+00 5.443153067887448192e-15 5.412463869876490896e-15 5.473842265898405488e-15
9.809809809809809877e+00 2.490711948215316825e-15 2.476596520843583286e-15 2.504827375587050365e-15
9.819819819819819884e+00 1.128518824638262960e-15 1.122090925269416793e-15 1.134946724007109126e-15
9.829829829829829890e+00 5.062965635137867353e-16 5.033984872942140283e-16 5.091946397333594424e-16
9.839839839839839897e+00 2.249109359268353592e-16 2.236172899942869883e-16 2.262045818593837302e-16
9.849849849849849903e+00 9.892912601113486222e-17 9.835740365654913004e-17 9.950084836572059440e-17
9.859859859859859910e+00 4.308681516549847713e-17 4.283665491010302736e-17 4.333697542089392690e-17
9.869869869869869916e+00 1.858103417664852119e-17 1.847266291081968132e-17 1.868940544247736107e-17
9.879879879879879923e+00 7.934130000085134591e-18 7.887649369016046192e-18 7.980610631154222990e-18
9.889889889889889929e+00 3.354527728888828469e-18 3.334790267599278321e-18 3.374265190178378617e-18
9.899899899899899935e+00 1.404315970019587239e-18 1.396018009324818346e-18 1.412613930714356132e-18
9.909909909909909942e+00 5.821010935632070042e-19 5.786471781923189882e-19 5.855550089340950203e-19
9.919919919919919948e+00 2.389081203390907097e-19 2.374847703415304868e-19 2.403314703366509326e-19
9.929929929929929955e+00 9.708701154689592554e-20 9.650628604846777414e-20 9.766773704532407694e-20
9.939939939939939961e+00 3.906500783376063583e-20 3.883042902750393239e-20 3.929958664001733927e-20
9.949949949949949968e+00 1.556360210047384811e-20 1.546978870255725339e-20 1.565741549839044283e-20
9.959959959959959974e+00 6.139409865210820170e-21 6.102265004571191970e-21 6.176554725850448369e-21
9.969969969969969981e+00 2.397929165999808660e-21 2.383368208026141116e-21 2.412490123973476204e-21
9.979979979979979987e+00 9.273383448492524517e-22 9.216871782896504553e-22 9.329895114088544481e-22
9.989989989989989994e+00 3.550840677611592728e-22 3.529126527974020135e-22 3.572554827249165320e-22
1.000000000000000000e+01 1.346214403959680988e-22 1.337953953366905478e-22 1.354474854552456499e-22
