# Bootstrapped average pore-to-pore distance distribution (2nd column) with 95% confidence intervals (3rd and 4th columns) -- (1st column is x axis (nm))
0.000000000000000000e+00 3.607449988492945269e-239 nan nan
1.001001001001000992e-02 9.824120205765225195e-238 nan nan
2.002002002002001985e-02 2.648743798524663895e-236 nan nan
3.003003003003002977e-02 7.070322139085752956e-235 nan nan
4.004004004004003969e-02 1.868492854478287425e-233 nan nan
5.005005005005004615e-02 4.888737288172140078e-232 nan nan
6.006006006006005954e-02 1.266353644420351069e-230 nan nan
7.007007007007007293e-02 3.247628799751310661e-229 nan nan
8.008008008008007939e-02 8.245763349234247334e-228 nan nan
9.009009009009008584e-02 2.072757430164042200e-226 nan nan
1.001001001001000923e-01 5.158450354271978188e-225 nan nan
1.101101101101101126e-01 1.270993177416670429e-223 nan nan
1.201201201201201191e-01 3.100419090574159209e-222 nan nan
1.301301301301301394e-01 7.487741347510586907e-221 nan nan
1.401401401401401459e-01 1.790335997708733802e-219 nan nan
1.501501501501501523e-01 4.238103539084909999e-218 nan nan
1.601601601601601588e-01 9.932576532681351830e-217 nan nan
1.701701701701701652e-01 2.304653541880617574e-215 nan nan
1.801801801801801717e-01 5.294229637761665816e-214 nan nan
1.901901901901901781e-01 1.204074431983724206e-212 nan nan
2.002002002002001846e-01 2.711173788931069581e-211 nan nan
2.102102102102102188e-01 6.043866668424048805e-210 nan nan
2.202202202202202252e-01 1.333908130870511124e-208 nan nan
2.302302302302302317e-01 2.914677605105104807e-207 nan nan
2.402402402402402382e-01 6.305343057305775929e-206 nan nan
2.502502502502502724e-01 1.350456319939550456e-204 nan nan
2.602602602602602788e-01 2.863558244574916208e-203 nan nan
2.702702702702702853e-01 6.011532400111274029e-202 nan nan
2.802802802802802917e-01 1.249447719547129145e-200 nan nan
2.902902902902902982e-01 2.571015795979989191e-199 nan nan
3.003003003003003046e-01 5.237755180803885763e-198 nan nan
3.103103103103103111e-01 1.056426955615291278e-196 nan nan
3.203203203203203175e-01 2.109539281980418655e-195 nan nan
3.303303303303303240e-01 4.170514724005900891e-194 nan nan
3.403403403403403304e-01 8.162921793292416554e-193 nan nan
3.503503503503503369e-01 1.581814613481808112e-191 nan nan
3.603603603603603434e-01 3.034726369877533999e-190 nan nan
3.703703703703703498e-01 5.764180042293430688e-189 nan nan
3.803803803803803563e-01 1.083950917549001323e-187 nan nan
3.903903903903903627e-01 2.018068091252832108e-186 nan nan
4.004004004004003692e-01 3.719770705718884833e-185 nan nan
4.104104104104104311e-01 6.788138868459290722e-184 nan nan
4.204204204204204376e-01 1.226420776707527086e-182 nan nan
4.304304304304304440e-01 2.193726853477283757e-181 nan nan
4.404404404404404505e-01 3.884900625351936800e-180 nan nan
4.504504504504504570e-01 6.811325372467749408e-179 nan nan
4.604604604604604634e-01 1.182327331402158738e-177 nan nan
4.704704704704704699e-01 2.031880963785628287e-176 nan nan
4.804804804804804763e-01 3.457110527582316436e-175 nan nan
4.904904904904904828e-01 5.823482562614012998e-174 nan nan
5.005005005005005447e-01 9.711959154289896462e-173 nan nan
5.105105105105105512e-01 1.603561090861048301e-171 nan nan
5.205205205205205576e-01 2.621312567116932632e-170 nan nan
5.305305305305305641e-01 4.242352865644169210e-169 nan nan
5.405405405405405705e-01 6.797504298344104588e-168 nan nan
5.505505505505505770e-01 1.078318258308959689e-166 nan nan
5.605605605605605835e-01 1.693554731845290719e-165 nan nan
5.705705705705705899e-01 2.633336558489279015e-164 nan nan
5.805805805805805964e-01 4.053856758999529041e-163 nan nan
5.905905905905906028e-01 6.178533040369038315e-162 nan nan
6.006006006006006093e-01 9.323035484868352654e-161 9.279470213915231955e-161 9.366600755821473353e-161
6.106106106106106157e-01 1.392785819143304694e-159 1.386414258635662032e-159 1.399157379650947357e-159
6.206206206206206222e-01 2.059996189947584173e-158 2.050593718435026167e-158 2.069398661460142178e-158
6.306306306306306286e-01 3.016502062240512024e-157 3.002763533181589261e-157 3.030240591299434787e-157
6.406406406406406351e-01 4.373166493293532548e-156 4.353292273019097654e-156 4.393040713567967442e-156
6.506506506506506415e-01 6.276877037692677177e-155 6.248413316894131740e-155 6.305340758491222613e-155
6.606606606606606480e-01 8.919623069369078011e-154 8.879263643901256220e-154 8.959982494836899803e-154
6.706706706706706544e-01 1.254887241621089505e-152 1.249221587776306489e-152 1.260552895465872521e-152
6.806806806806806609e-01 1.747906814602926664e-151 1.740032606648568004e-151 1.755781022557285325e-151
6.906906906906906674e-01 2.410389722223140002e-150 2.399555056170681201e-150 2.421224388275598804e-150
7.007007007007006738e-01 3.290877587746439778e-149 3.276117939362146311e-149 3.305637236130733245e-149
7.107107107107106803e-01 4.448275832415670845e-148 4.428369633013791225e-148 4.468182031817550466e-148
7.207207207207206867e-01 5.952881846584454940e-147 5.926301993786594923e-147 5.979461699382314956e-147
7.307307307307306932e-01 7.887119831875234424e-146 7.851982506407253800e-146 7.922257157343215047e-146
7.407407407407406996e-01 1.034582889126588265e-144 1.029984171259830386e-144 1.039181606993346143e-144
7.507507507507507061e-01 1.343593430706356512e-143 1.337634658376606523e-143 1.349552203036106502e-143
7.607607607607607125e-01 1.727532528592575439e-142 1.719888385525797984e-142 1.735176671659352895e-142
7.707707707707707190e-01 2.199076972667556990e-141 2.189368456994359716e-141 2.208785488340754264e-141
7.807807807807807254e-01 2.771472143626781450e-140 2.759264582489521073e-140 2.783679704764041827e-140
7.907907907907907319e-01 3.458092048199100695e-139 3.442895076663380586e-139 3.473289019734820803e-139
8.008008008008007383e-01 4.271875436400428361e-138 4.253145457412129776e-138 4.290605415388726947e-138
8.108108108108108558e-01 5.224643571516445559e-137 5.201789180330733645e-137 5.247497962702157474e-137
8.208208208208208623e-01 6.326315805257252339e-136 6.298706582666803261e-136 6.353925027847701417e-136
8.308308308308308687e-01 7.584050868641900051e-135 7.551029818294020057e-135 7.617071918989780044e-135
8.408408408408408752e-01 9.001353843093323306e-134 8.962253569013652310e-134 9.040454117172994302e-134
8.508508508508508816e-01 1.057720000825994150e-132 1.053136250408411136e-132 1.062303751243577164e-132
8.608608608608608881e-01 1.230523589747192987e-131 1.225203555894140553e-131 1.235843623600245421e-131
8.708708708708708945e-01 1.417312361359017546e-130 1.411199280619369989e-130 1.423425442098665103e-130
8.808808808808809010e-01 1.616209556108598925e-129 1.609255179576213102e-129 1.623163932640984748e-129
8.908908908908909074e-01 1.824678229934647060e-128 1.816845581488462327e-128 1.832510878380831793e-128
9.009009009009009139e-01 2.039536571224347934e-127 2.030802605900910268e-127 2.048270536547785600e-127
9.109109109109109204e-01 2.257009317561078251e-126 2.247367326618305293e-126 2.266651308503851208e-126
9.209209209209209268e-01 2.472816658433000168e-125 2.462278264369896688e-125 2.483355052496103648e-125
9.309309309309309333e-01 2.682299432595977184e-124 2.670896025188177742e-124 2.693702840003776626e-124
9.409409409409409397e-01 2.880576649421384271e-123 2.868360133334261499e-123 2.892793165508507042e-123
9.509509509509509462e-01 3.062728619622735319e-122 3.049771374962249369e-122 3.075685864283221269e-122
9.609609609609609526e-01 3.223996530853391433e-121 3.210390528610469217e-121 3.237602533096313650e-121
9.709709709709709591e-01 3.359987400659638041e-120 3.345842462859267544e-120 3.374132338460008538e-120
9.809809809809809655e-01 3.466872201375323377e-119 3.452313447463176104e-119 3.481430955287470650e-119
9.909909909909909720e-01 3.541564734862119456e-118 3.526729307471489474e-118 3.556400162252749437e-118
1.001001001001001089e+00 3.581869612213589354e-117 3.566902822777366897e-117 3.596836401649811811e-117
1.011011011011011096e+00 3.586589440889699500e-116 3.571640514615805649e-116 3.601538367163593350e-116
1.021021021021021102e+00 3.555583917091740996e-115 3.540801544236696432e-115 3.570366289946785561e-115
1.031031031031031109e+00 3.489776754027087192e-114 3.475304667781225279e-114 3.504248840272949104e-114
1.041041041041041115e+00 3.391109968704439962e-113 3.377082768153939298e-113 3.405137169254940625e-113
1.051051051051051122e+00 3.262448683929987616e-112 3.248988103653876010e-112 3.275909264206099222e-112
1.061061061061061128e+00 3.107442957009410629e-111 3.094654754398387740e-111 3.120231159620433518e-111
1.071071071071071135e+00 2.930355930666296785e-110 2.918327520675157587e-110 2.942384340657435983e-110
1.081081081081081141e+00 2.735869584548575366e-109 2.724668502870100169e-109 2.747070666227050562e-109
1.091091091091091148e+00 2.528880401054301209e-108 2.518553624689965399e-108 2.539207177418637019e-108
1.101101101101101154e+00 2.314297297538556982e-107 2.304871400609879987e-107 2.323723194467233977e-107
1.111111111111111160e+00 2.096853266770663757e-106 2.088335343027418945e-106 2.105371190513908569e-106
1.121121121121121167e+00 1.880940445100300676e-105 1.873319690151391084e-105 1.888561200049210268e-105
1.131131131131131173e+00 1.670475997585964563e-104 1.663725815701217408e-104 1.677226179470711718e-104
1.141141141141141180e+00 1.468803517919015658e-103 1.462884001564463102e-103 1.474723034273568215e-103
1.151151151151151186e+00 1.278631848061465490e-102 1.273492473289564231e-102 1.283771222833366749e-102
1.161161161161161193e+00 1.102010573151794477e-101 1.097592959728528537e-101 1.106428186575060417e-101
1.171171171171171199e+00 9.403391479872927726e-101 9.365797480457396799e-101 9.440985479288458652e-101
1.181181181181181206e+00 7.944048134940973404e-100 7.912374143367386949e-100 7.975722126514559858e-100
1.191191191191191212e+00 6.644432518202696379e-99 6.618012047333586684e-99 6.670852989071806073e-99
1.201201201201201219e+00 5.502153287501985441e-98 5.480334438058831160e-98 5.523972136945139722e-98
1.211211211211211225e+00 4.510932450005177889e-97 4.493093194761743935e-97 4.528771705248611843e-97
1.221221221221221231e+00 3.661498799265325197e-96 3.647058532317220215e-96 3.675939066213430180e-96
1.231231231231231238e+00 2.942459472062344081e-95 2.930886966445302086e-95 2.954031977679386076e-95
1.241241241241241244e+00 2.341106621077268552e-94 2.331924705342925810e-94 2.350288536811611294e-94
1.251251251251251251e+00 1.844128142934968239e-93 1.836915524157386869e-93 1.851340761712549610e-93
1.261261261261261257e+00 1.438203320585364154e-92 1.432594048894928456e-92 1.443812592275799852e-92
1.271271271271271264e+00 1.110475187649248303e-91 1.106156280709483169e-91 1.114794094589013438e-91
1.281281281281281270e+00 8.489007239836913209e-91 8.456084562919903518e-91 8.521929916753922899e-91
1.291291291291291277e+00 6.424872519341224347e-90 6.400025722501692838e-90 6.449719316180755857e-90
1.301301301301301283e+00 4.814284889623238287e-89 4.795719686497720846e-89 4.832850092748755727e-89
1.311311311311311290e+00 3.571567102710397983e-88 3.557833544198133211e-88 3.585300661222662755e-88
1.321321321321321296e+00 2.623286319236578722e-87 2.613228111673882005e-87 2.633344526799275440e-87
1.331331331331331302e+00 1.907622890093097144e-86 1.900329787983368581e-86 1.914915992202825707e-86
1.341341341341341309e+00 1.373407468948833264e-85 1.368171968039531454e-85 1.378642969858135073e-85
1.351351351351351315e+00 9.789633516287583463e-85 9.752423617764458454e-85 9.826843414810708472e-85
1.361361361361361322e+00 6.908658301377141146e-84 6.882475682133224646e-84 6.934840920621057646e-84
1.371371371371371328e+00 4.827044973750934566e-83 4.808805088120219488e-83 4.845284859381649645e-83
1.381381381381381335e+00 3.339100058651275517e-82 3.326519914813645169e-82 3.351680202488905865e-82
1.391391391391391341e+00 2.286852121704382828e-81 2.278261914539625767e-81 2.295442328869139890e-81
1.401401401401401348e+00 1.550627199441481712e-80 1.544819872668239957e-80 1.556434526214723467e-80
1.411411411411411354e+00 1.040968258600468778e-79 1.037081356985253144e-79 1.044855160215684412e-79
1.421421421421421361e+00 6.918763075505801076e-79 6.893006652337138983e-79 6.944519498674463170e-79
1.431431431431431367e+00 4.552819397418019490e-78 4.535921901930558238e-78 4.569716892905480741e-78
1.441441441441441373e+00 2.966152596828014493e-77 2.955177358124457673e-77 2.977127835531571314e-77
1.451451451451451380e+00 1.913232601120311996e-76 1.906174944512842579e-76 1.920290257727781413e-76
1.461461461461461386e+00 1.221809181248215141e-75 1.217315916035688740e-75 1.226302446460741543e-75
1.471471471471471393e+00 7.725034724794486088e-75 7.696713069611523920e-75 7.753356379977448257e-75
1.481481481481481399e+00 4.835696737520956735e-74 4.818022921681260660e-74 4.853370553360652811e-74
1.491491491491491406e+00 2.996948998613525134e-73 2.986029638059820497e-73 3.007868359167229771e-73
1.501501501501501412e+00 1.838914111177808131e-72 1.832234989653591112e-72 1.845593232702025150e-72
1.511511511511511419e+00 1.117134482123737954e-71 1.113089684341319447e-71 1.121179279906156461e-71
1.521521521521521425e+00 6.719106267478516939e-71 6.694855265545068843e-71 6.743357269411965034e-71
1.531531531531531432e+00 4.001102958461945530e-70 3.986707747422908707e-70 4.015498169500982352e-70
1.541541541541541438e+00 2.358903821928990271e-69 2.350443986011632940e-69 2.367363657846347601e-69
1.551551551551551444e+00 1.376902402432011095e-68 1.371980177293495772e-68 1.381824627570526419e-68
1.561561561561561451e+00 7.957169812759813241e-68 7.928815657212447611e-68 7.985523968307178871e-68
1.571571571571571457e+00 4.552781103590968909e-67 4.536610443446833934e-67 4.568951763735103884e-67
1.581581581581581464e+00 2.579037876505376349e-66 2.569907374593324242e-66 2.588168378417428456e-66
1.591591591591591470e+00 1.446443954165448414e-65 1.441339873774687523e-65 1.451548034556209306e-65
1.601601601601601477e+00 8.031720292687837551e-65 8.003471727335097919e-65 8.059968858040577183e-65
1.611611611611611705e+00 4.415488441077119545e-64 4.400009850670545749e-64 4.430967031483693341e-64
1.621621621621621712e+00 2.403323752763308710e-63 2.394926782252816459e-63 2.411720723273800961e-63
1.631631631631631718e+00 1.295117868876887649e-62 1.290607935313608385e-62 1.299627802440166914e-62
1.641641641641641725e+00 6.909871073648376669e-62 6.885889700498263350e-62 6.933852446798489987e-62
1.651651651651651731e+00 3.650012645599503138e-61 3.637387557222436359e-61 3.662637733976569917e-61
1.661661661661661737e+00 1.908897967868806485e-60 1.902317581746758097e-60 1.915478353990854873e-60
1.671671671671671744e+00 9.884054501916917090e-60 9.850097839739860779e-60 9.918011164093973401e-60
1.681681681681681750e+00 5.067010056654051411e-59 5.049661818635274293e-59 5.084358294672828529e-59
1.691691691691691757e+00 2.571773822610453132e-58 2.562998913838293977e-58 2.580548731382612287e-58
1.701701701701701763e+00 1.292344505172588208e-57 1.287950234465894452e-57 1.296738775879281964e-57
1.711711711711711770e+00 6.429667422005213030e-57 6.407880891861980607e-57 6.451453952148445453e-57
1.721721721721721776e+00 3.167112974721196860e-56 3.156418819287770259e-56 3.177807130154623461e-56
1.731731731731731783e+00 1.544555785801827102e-55 1.539358672469613030e-55 1.549752899134041173e-55
1.741741741741741789e+00 7.457766831660361864e-55 7.432761347883402500e-55 7.482772315437321228e-55
1.751751751751751796e+00 3.565162473976081944e-54 3.553250991321837900e-54 3.577073956630325989e-54
1.761761761761761802e+00 1.687389499005066067e-53 1.681771857984202433e-53 1.693007140025929702e-53
1.771771771771771808e+00 7.907096082806515615e-53 7.880865988190967216e-53 7.933326177422064014e-53
1.781781781781781815e+00 3.668466182834599114e-52 3.656340573842324716e-52 3.680591791826873513e-52
1.791791791791791821e+00 1.685070311557655774e-51 1.679520666481406781e-51 1.690619956633904767e-51
1.801801801801801828e+00 7.663333277306246128e-51 7.638186350052970050e-51 7.688480204559522207e-51
1.811811811811811834e+00 3.450513710888314174e-50 3.439232315213950848e-50 3.461795106562677500e-50
1.821821821821821841e+00 1.538212514346527594e-49 1.533201806836474703e-49 1.543223221856580485e-49
1.831831831831831847e+00 6.789153774491322504e-49 6.767119755705203432e-49 6.811187793277441575e-49
1.841841841841841854e+00 2.966756206318483007e-48 2.957163371852084307e-48 2.976349040784881706e-48
1.851851851851851860e+00 1.283557034876608078e-47 1.279422193154051934e-47 1.287691876599164221e-47
1.861861861861861867e+00 5.498139727697220044e-47 5.480494402406355465e-47 5.515785052988084623e-47
1.871871871871871873e+00 2.331760055047166583e-46 2.324304852871531754e-46 2.339215257222801411e-46
1.881881881881881879e+00 9.790832607784054097e-46 9.759647424570480966e-46 9.822017790997627228e-46
1.891891891891891886e+00 4.070270527811438457e-45 4.057355467589796754e-45 4.083185588033080160e-45
1.901901901901901892e+00 1.675309344563005673e-44 1.670013881064226920e-44 1.680604808061784427e-44
1.911911911911911899e+00 6.827080742391209500e-44 6.805584077872485733e-44 6.848577406909933268e-44
1.921921921921921905e+00 2.754505031368069087e-43 2.745865346779855352e-43 2.763144715956282823e-43
1.931931931931931912e+00 1.100324584484884671e-42 1.096886753185558174e-42 1.103762415784211168e-42
1.941941941941941918e+00 4.351780633874923510e-42 4.338237123098709687e-42 4.365324144651137333e-42
1.951951951951951925e+00 1.704049970009633922e-41 1.698767486635473639e-41 1.709332453383794204e-41
1.961961961961961931e+00 6.606432961598271922e-41 6.586034126363100740e-41 6.626831796833443105e-41
1.971971971971971938e+00 2.535837041460989397e-40 2.528038145620870330e-40 2.543635937301108463e-40
1.981981981981981944e+00 9.637080433710250423e-40 9.607560079723824691e-40 9.666600787696676155e-40
1.991991991991991950e+00 3.626099308350811911e-39 3.615036360415722510e-39 3.637162256285901312e-39
2.002002002002002179e+00 1.350840928159321554e-38 1.346736230040345894e-38 1.354945626278297214e-38
2.012012012012012185e+00 4.982407857499448611e-38 4.967329542711760644e-38 4.997486172287136577e-38
2.022022022022022192e+00 1.819470993123535602e-37 1.813987140104899559e-37 1.824954846142171645e-37
2.032032032032032198e+00 6.578426740529750357e-37 6.558680682250144201e-37 6.598172798809356514e-37
2.042042042042042205e+00 2.354887963570305003e-36 2.347848544402310626e-36 2.361927382738299380e-36
2.052052052052052211e+00 8.346223640218021586e-36 8.321377711129134479e-36 8.371069569306908693e-36
2.062062062062062218e+00 2.928745334444521433e-35 2.920063012944582171e-35 2.937427655944460694e-35
2.072072072072072224e+00 1.017525484276231885e-34 1.014521629719660396e-34 1.020529338832803375e-34
2.082082082082082231e+00 3.500107209543929892e-34 3.489817939479504110e-34 3.510396479608355674e-34
2.092092092092092237e+00 1.192037847238275586e-33 1.188548428589137021e-33 1.195527265887414151e-33
2.102102102102102243e+00 4.019496647307677172e-33 4.007780504479029014e-33 4.031212790136325331e-33
2.112112112112112250e+00 1.341919657619944540e-32 1.338024908100078750e-32 1.345814407139810330e-32
2.122122122122122256e+00 4.435625496550345759e-32 4.422806975078610511e-32 4.448444018022081006e-32
2.132132132132132263e+00 1.451633692592026741e-31 1.447456734642840460e-31 1.455810650541213022e-31
2.142142142142142269e+00 4.703631888573978574e-31 4.690156345427421987e-31 4.717107431720535162e-31
2.152152152152152276e+00 1.508981939700540983e-30 1.504677697404196021e-30 1.513286181996885946e-30
2.162162162162162282e+00 4.793022913690637178e-30 4.779411236135608627e-30 4.806634591245665728e-30
2.172172172172172289e+00 1.507335890132328155e-29 1.503074106828217721e-29 1.511597673436438590e-29
2.182182182182182295e+00 4.693382794203541259e-29 4.680171781524620805e-29 4.706593806882461714e-29
2.192192192192192302e+00 1.446897124149759899e-28 1.442842541468442698e-28 1.450951706831077101e-28
2.202202202202202308e+00 4.416369622951377935e-28 4.404049308397109893e-28 4.428689937505645978e-28
2.212212212212212314e+00 1.334656820728851063e-27 1.330950326754361357e-27 1.338363314703340769e-27
2.222222222222222321e+00 3.993471609052429816e-27 3.982431561135866472e-27 4.004511656968993160e-27
2.232232232232232327e+00 1.183065401676188261e-26 1.179809696479443183e-26 1.186321106872933340e-26
2.242242242242242334e+00 3.470119594545837142e-26 3.460613854237969784e-26 3.479625334853704501e-26
2.252252252252252340e+00 1.007762168478339689e-25 1.005014313002919690e-25 1.010510023953759689e-25
2.262262262262262347e+00 2.897676976278442769e-25 2.889812510703839100e-25 2.905541441853046439e-25
2.272272272272272353e+00 8.249366538861630814e-25 8.227081558455170105e-25 8.271651519268091524e-25
2.282282282282282360e+00 2.325253745290138730e-24 2.319001682335082870e-24 2.331505808245194591e-24
2.292292292292292366e+00 6.489326785999143167e-24 6.471960665345594162e-24 6.506692906652692171e-24
2.302302302302302373e+00 1.793118148513029110e-23 1.788342294755950401e-23 1.797894002270107820e-23
2.312312312312312379e+00 4.905672779652375663e-23 4.892669038499106044e-23 4.918676520805645282e-23
2.322322322322322385e+00 1.328829023546188464e-22 1.325323482406957487e-22 1.332334564685419441e-22
2.332332332332332392e+00 3.563862613346759911e-22 3.554506151532401671e-22 3.573219075161118150e-22
2.342342342342342398e+00 9.463561185034184532e-22 9.438836063079154267e-22 9.488286306989214797e-22
2.352352352352352405e+00 2.488115355891615692e-21 2.481646375448352537e-21 2.494584336334878847e-21
2.362362362362362411e+00 6.476929982674265636e-21 6.460172675239524221e-21 6.493687290109007050e-21
2.372372372372372418e+00 1.669364508901502108e-20 1.665066730192009757e-20 1.673662287610994459e-20
2.382382382382382424e+00 4.260072166273884216e-20 4.249158876271345874e-20 4.270985456276422558e-20
2.392392392392392431e+00 1.076383618846017197e-19 1.073639900009758041e-19 1.079127337682276353e-19
2.402402402402402437e+00 2.692787598073664068e-19 2.685957983165070598e-19 2.699617212982257539e-19
2.412412412412412444e+00 6.669950012381616115e-19 6.653118389914155496e-19 6.686781634849076735e-19
2.422422422422422450e+00 1.635795859040533730e-18 1.631688814991471110e-18 1.639902903089596350e-18
2.432432432432432456e+00 3.972119206601098558e-18 3.962197032870821955e-18 3.982041380331375162e-18
2.442442442442442463e+00 9.549985292849090027e-18 9.526251952708839757e-18 9.573718632989340296e-18
2.452452452452452469e+00 2.273374720098625684e-17 2.267754077564173983e-17 2.278995362633077385e-17
2.462462462462462476e+00 5.358310759656837202e-17 5.345131572040178285e-17 5.371489947273496120e-17
2.472472472472472482e+00 1.250472047420026130e-16 1.247412428006625551e-16 1.253531666833426709e-16
2.482482482482482489e+00 2.889415458042012771e-16 2.882382746578415820e-16 2.896448169505609722e-16
2.492492492492492495e+00 6.610535212258249832e-16 6.594530223958332299e-16 6.626540200558167366e-16
2.502502502502502502e+00 1.497457888308250185e-15 1.493851556766151022e-15 1.501064219850349348e-15
2.512512512512512508e+00 3.358649907620113809e-15 3.350604385376205057e-15 3.366695429864022560e-15
2.522522522522522515e+00 7.458779436535079330e-15 7.441008033517997144e-15 7.476550839552161516e-15
2.532532532532532521e+00 1.640078031790532480e-14 1.636191442237263649e-14 1.643964621343801311e-14
2.542542542542542527e+00 3.570720147091035241e-14 3.562304340520567270e-14 3.579135953661503212e-14
2.552552552552552534e+00 7.697373096986353452e-14 7.679330313186121664e-14 7.715415880786585240e-14
2.562562562562562540e+00 1.642954654617960629e-13 1.639124707951500602e-13 1.646784601284420657e-13
2.572572572572572547e+00 3.472208997677866360e-13 3.464159589478559699e-13 3.480258405877173021e-13
2.582582582582582553e+00 7.265815052708650175e-13 7.249064933513720333e-13 7.282565171903580016e-13
2.592592592592592560e+00 1.505435010618234227e-12 1.501983928652635989e-12 1.508886092583832465e-12
2.602602602602602566e+00 3.088445237207509167e-12 3.081405170333613586e-12 3.095485304081404748e-12
2.612612612612612573e+00 6.273632640545318037e-12 6.259413178472522890e-12 6.287852102618113185e-12
2.622622622622622579e+00 1.261829440097591809e-11 1.258985796422954608e-11 1.264673083772229010e-11
2.632632632632632586e+00 2.512961102638357486e-11 2.507330516795778126e-11 2.518591688480936847e-11
2.642642642642642592e+00 4.955364523197037260e-11 4.944325791283313478e-11 4.966403255110761042e-11
2.652652652652652598e+00 9.675455419329256118e-11 9.654027855457137918e-11 9.696882983201374318e-11
2.662662662662662605e+00 1.870572216449418570e-10 1.866453942253179631e-10 1.874690490645657509e-10
2.672672672672672611e+00 3.580850048388731071e-10 3.573013092017055587e-10 3.588687004760406555e-10
2.682682682682682618e+00 6.787467677311698720e-10 6.772701428049161891e-10 6.802233926574235549e-10
2.692692692692692624e+00 1.273916162119891792e-09 1.271161397676620694e-09 1.276670926563162890e-09
2.702702702702702631e+00 2.367482971802086969e-09 2.362394455299017355e-09 2.372571488305156583e-09
2.712712712712712637e+00 4.356597097067463923e-09 4.347290491313226253e-09 4.365903702821701594e-09
2.722722722722722644e+00 7.938237538054870192e-09 7.921384203123889246e-09 7.955090872985851138e-09
2.732732732732732650e+00 1.432249418766226319e-08 1.429227548484419499e-08 1.435271289048033138e-08
2.742742742742742657e+00 2.558779601419229682e-08 2.553414693501456630e-08 2.564144509337002733e-08
2.752752752752752663e+00 4.526563686711283562e-08 4.517132935090541161e-08 4.535994438332025964e-08
2.762762762762762669e+00 7.929172657467546364e-08 7.912758104896002073e-08 7.945587210039090654e-08
2.772772772772772676e+00 1.375348136903582990e-07 1.372519275537616763e-07 1.378176998269549216e-07
2.782782782782782682e+00 2.362245781185574981e-07 2.357418580456083388e-07 2.367072981915066574e-07
2.792792792792792689e+00 4.017606823171264402e-07 4.009450745001045294e-07 4.025762901341483509e-07
2.802802802802802695e+00 6.766156629394128686e-07 6.752511708515582445e-07 6.779801550272674926e-07
2.812812812812812702e+00 1.128369634598354908e-06 1.126109336978953343e-06 1.130629932217756473e-06
2.822822822822822708e+00 1.863365506524185114e-06 1.859658130885398785e-06 1.867072882162971443e-06
2.832832832832832715e+00 3.047086273809710224e-06 3.041065180401291909e-06 3.053107367218128538e-06
2.842842842842842721e+00 4.934172701121182557e-06 4.924490068452441803e-06 4.943855333789923311e-06
2.852852852852852727e+00 7.912064981633172315e-06 7.896647180447572594e-06 7.927482782818772036e-06
2.862862862862862734e+00 1.256360908673513440e-05 1.253930026196318779e-05 1.258791791150708100e-05
2.872872872872872740e+00 1.975565306449975918e-05 1.971770236884093879e-05 1.979360376015857958e-05
2.882882882882882747e+00 3.076268867289164345e-05 3.070402198425753655e-05 3.082135536152575035e-05
2.892892892892892753e+00 4.743695737414562927e-05 4.734715633645280902e-05 4.752675841183844952e-05
2.902902902902902760e+00 7.243907832925242888e-05 7.230296800642993678e-05 7.257518865207492097e-05
2.912912912912912766e+00 1.095460456130204521e-04 1.093417670513166512e-04 1.097503241747242530e-04
2.922922922922922773e+00 1.640561725284222561e-04 1.637525886251177507e-04 1.643597564317267616e-04
2.932932932932932779e+00 2.433129173313628118e-04 2.428661707478297499e-04 2.437596639148958738e-04
2.942942942942942786e+00 3.573710710319491393e-04 3.567200833738217217e-04 3.580220586900765569e-04
2.952952952952952792e+00 5.198289616495582266e-04 5.188896366049453252e-04 5.207682866941711281e-04
2.962962962962962798e+00 7.488484494178223845e-04 7.475063228844158140e-04 7.501905759512289551e-04
2.972972972972972805e+00 1.068379783381619716e-03 1.066480855805540442e-03 1.070278710957698991e-03
2.982982982982982811e+00 1.509600056084710925e-03 1.506939552271066660e-03 1.512260559898355190e-03
2.992992992992992818e+00 2.112561273765585501e-03 2.108870110064359638e-03 2.116252437466811364e-03
3.003003003003002824e+00 2.928026363987460638e-03 2.922955169088891410e-03 2.933097558886029865e-03
3.013013013013012831e+00 4.019448488377649203e-03 4.012549128687691383e-03 4.026347848067607024e-03
3.023023023023022837e+00 5.465021001781738413e-03 5.455725710935306963e-03 5.474316292628169864e-03
3.033033033033032844e+00 7.359693119660204105e-03 7.347291527221173554e-03 7.372094712099234656e-03
3.043043043043042850e+00 9.817011416828374387e-03 9.800626013041754958e-03 9.833396820614993816e-03
3.053053053053052857e+00 1.297061214469492386e-02 1.294917300083094254e-02 1.299205128855890519e-02
3.063063063063062863e+00 1.697515736402819414e-02 1.694737723994494197e-02 1.700293748811144631e-02
3.073073073073072869e+00 2.200648317174789051e-02 2.197083446563883463e-02 2.204213187785694639e-02
3.083083083083082876e+00 2.826071552878450452e-02 2.821541083364361227e-02 2.830602022392539677e-02
3.093093093093092882e+00 3.595211321744548605e-02 3.589509151331533865e-02 3.600913492157563345e-02
3.103103103103102889e+00 4.530942276865289331e-02 4.523834346330542905e-02 4.538050207400035757e-02
3.113113113113112895e+00 5.657058032427150079e-02 5.648282741963826098e-02 5.665833322890474061e-02
3.123123123123122902e+00 6.997567220462354298e-02 6.986837077558921694e-02 7.008297363365786903e-02
3.133133133133132908e+00 8.575816899417364192e-02 8.562821588967181596e-02 8.588812209867546787e-02
3.143143143143142915e+00 1.041345739573718288e-01 1.039786841510705329e-01 1.042904637636731247e-01
3.153153153153152921e+00 1.252927691266120247e-01 1.251075384510716426e-01 1.254779998021524068e-01
3.163163163163162928e+00 1.493794919139304067e-01 1.491614760223188840e-01 1.495975078055419294e-01
3.173173173173172934e+00 1.764875193222538718e-01 1.762333276715327413e-01 1.767417109729750024e-01
3.183183183183182940e+00 2.066432616228505992e-01 2.063496641199967507e-01 2.069368591257044476e-01
3.193193193193192947e+00 2.397955579210203358e-01 2.394596006977453007e-01 2.401315151442953710e-01
3.203203203203202953e+00 2.758065084305964532e-01 2.754256341062094049e-01 2.761873827549835014e-01
3.213213213213213404e+00 3.144451611712685835e-01 3.140173280302476222e-01 3.148729943122895447e-01
3.223223223223223410e+00 3.553847870719081814e-01 3.549085809239707623e-01 3.558609932198456005e-01
3.233233233233233417e+00 3.982043256093467654e-01 3.976790578054930081e-01 3.987295934132005226e-01
3.243243243243243423e+00 4.423943681709960329e-01 4.418201533871476405e-01 4.429685829548444254e-01
3.253253253253253430e+00 4.873677801164925105e-01 4.867455881233224146e-01 4.879899721096626064e-01
3.263263263263263436e+00 5.324747630988927449e-01 5.318064398097982481e-01 5.331430863879872417e-01
3.273273273273273443e+00 5.770218495906388467e-01 5.763101041748451836e-01 5.777335950064325099e-01
3.283283283283283449e+00 6.202940276525121810e-01 6.195423843307870104e-01 6.210456709742373516e-01
3.293293293293293456e+00 6.615789420707912649e-01 6.607916572549328293e-01 6.623662268866497005e-01
3.303303303303303462e+00 7.001919319710776524e-01 6.993738795165369559e-01 7.010099844256183488e-01
3.313313313313313468e+00 7.355005637687410669e-01 7.346570931205399502e-01 7.363440344169421836e-01
3.323323323323323475e+00 7.669473134692305072e-01 7.660840872346412755e-01 7.678105397038197388e-01
3.333333333333333481e+00 7.940691468167988543e-01 7.931919656512477212e-01 7.949463279823499873e-01
3.343343343343343488e+00 8.165129333166202263e-01 8.156275568503427165e-01 8.173983097828977362e-01
3.353353353353353494e+00 8.340458957261284167e-01 8.331578685185653255e-01 8.349339229336915080e-01
3.363363363363363501e+00 8.465606180209072074e-01 8.456751091863335956e-01 8.474461268554808191e-01
3.373373373373373507e+00 8.540744849839715380e-01 8.531961492135637926e-01 8.549528207543792835e-01
3.383383383383383514e+00 8.567237762526048739e-01 8.558566425390803367e-01 8.575909099661294110e-01
3.393393393393393520e+00 8.547529586075554020e-01 8.539003511702148996e-01 8.556055660448959044e-01
3.403403403403403527e+00 8.484999879258323663e-01 8.476644817748472116e-01 8.493354940768175210e-01
3.413413413413413533e+00 8.383786279408081965e-01 8.375620393628688820e-01 8.391952165187475110e-01
3.423423423423423539e+00 8.248589056418015319e-01 8.240623157910422769e-01 8.256554954925607870e-01
3.433433433433433546e+00 8.084468497622263605e-01 8.076706576497325596e-01 8.092230418747201615e-01
3.443443443443443552e+00 7.896646040979771186e-01 7.889086037234593896e-01 7.904206044724948477e-01
3.453453453453453559e+00 7.690318827768438670e-01 7.682953580462701382e-01 7.697684075074175958e-01
3.463463463463463565e+00 7.470495564353478724e-01 7.463313869333201289e-01 7.477677259373756158e-01
3.473473473473473572e+00 7.241859458140040839e-01 7.234847164791410323e-01 7.248871751488671356e-01
3.483483483483483578e+00 7.008661725726489378e-01 7.001802808325916505e-01 7.015520643127062250e-01
3.493493493493493585e+00 6.774646949697095133e-01 6.767924498453846693e-01 6.781369400940343573e-01
3.503503503503503591e+00 6.543009544684286194e-01 6.536406634205251809e-01 6.549612455163320579e-01
3.513513513513513598e+00 6.316378904819464069e-01 6.309879311838314520e-01 6.322878497800613617e-01
3.523523523523523604e+00 6.096829520890479914e-01 6.090418277095007715e-01 6.103240764685952113e-01
3.533533533533533610e+00 5.885911509577193002e-01 5.879575287943866746e-01 5.892247731210519257e-01
3.543543543543543617e+00 5.684696582029088452e-01 5.678423925408474515e-01 5.690969238649702389e-01
3.553553553553553623e+00 5.493834454966560754e-01 5.487615863413256578e-01 5.500053046519864930e-01
3.563563563563563630e+00 5.313615010826977514e-01 5.307442909362667383e-01 5.319787112291287645e-01
3.573573573573573636e+00 5.144032066420766158e-01 5.137900677813662664e-01 5.150163455027869652e-01
3.583583583583583643e+00 4.984845329048757101e-01 4.978750477144508468e-01 4.990940180953005734e-01
3.593593593593593649e+00 4.835637924354762029e-01 4.829576792888424785e-01 4.841699055821099273e-01
3.603603603603603656e+00 4.695867698860246575e-01 4.689838568894270643e-01 4.701896828826222507e-01
3.613613613613613662e+00 4.564911271850701224e-01 4.558913258365305810e-01 4.570909285336096639e-01
3.623623623623623669e+00 4.442100490084111009e-01 4.436133295080397776e-01 4.448067685087824241e-01
3.633633633633633675e+00 4.326751493737677201e-01 4.320815189701151526e-01 4.332687797774202876e-01
3.643643643643643681e+00 4.218187016631765318e-01 4.212281870450085841e-01 4.224092162813444795e-01
3.653653653653653688e+00 4.115752814730476716e-01 4.109879158195516302e-01 4.121626471265437130e-01
3.663663663663663694e+00 4.018829252046826617e-01 4.012987400909587277e-01 4.024671103184065957e-01
3.673673673673673701e+00 3.926839089109330772e-01 3.921029308366066890e-01 3.932648869852594653e-01
3.683683683683683707e+00 3.839252439241699344e-01 3.833474948104629298e-01 3.845029930378769389e-01
3.693693693693693714e+00 3.755589709189783298e-01 3.749844715384084148e-01 3.761334702995482449e-01
3.703703703703703720e+00 3.675423151646766695e-01 3.669710901748504117e-01 3.681135401545029273e-01
3.713713713713713727e+00 3.598377455647480128e-01 3.592698286638120186e-01 3.604056624656840069e-01
3.723723723723723733e+00 3.524129611265430229e-01 3.518483988734597001e-01 3.529775233796263456e-01
3.733733733733733740e+00 3.452408127374872460e-01 3.446796658039760763e-01 3.458019596709984156e-01
3.743743743743743746e+00 3.382991569150332056e-01 3.377414979458285282e-01 3.388568158842378830e-01
3.753753753753753752e+00 3.315706322303273446e-01 3.310165400403041747e-01 3.321247244203505145e-01
3.763763763763763759e+00 3.250423483672688074e-01 3.244918988268113980e-01 3.255927979077262169e-01
3.773773773773773765e+00 3.187054816191773887e-01 3.181587361846022755e-01 3.192522270537525020e-01
3.783783783783783772e+00 3.125547778743548721e-01 3.120117712152720157e-01 3.130977845334377285e-01
3.793793793793793778e+00 3.065879732851869988e-01 3.060487017610044047e-01 3.071272448093695928e-01
3.803803803803803785e+00 3.008051521928797323e-01 3.002695649736850658e-01 3.013407394120743987e-01
3.813813813813813791e+00 2.952080699062209490e-01 2.946760642911785411e-01 2.957400755212633570e-01
3.823823823823823798e+00 2.897994732877530177e-01 2.892708952645293707e-01 2.903280513109766647e-01
3.833833833833833804e+00 2.845824538963321881e-01 2.840571042764137855e-01 2.851078035162505908e-01
3.843843843843843811e+00 2.795598663109984394e-01 2.790375119826522532e-01 2.800822206393446256e-01
3.853853853853853817e+00 2.747338384183361515e-01 2.742142275236768567e-01 2.752534493129954463e-01
3.863863863863863823e+00 2.701053916065588312e-01 2.695882709106750541e-01 2.706225123024426082e-01
3.873873873873873830e+00 2.656741781077125997e-01 2.651593105856280275e-01 2.661890456297971719e-01
3.883883883883883836e+00 2.614383315532823326e-01 2.609255123063473070e-01 2.619511508002173583e-01
3.893893893893893843e+00 2.573944166109878862e-01 2.568834855930784422e-01 2.579053476288973301e-01
3.903903903903903849e+00 2.535374556740404572e-01 2.530283062541829331e-01 2.540466050938979814e-01
3.913913913913913856e+00 2.498610059963015939e-01 2.493535889776097303e-01 2.503684230149934575e-01
3.923923923923923862e+00 2.463572599818389663e-01 2.458515832227934073e-01 2.468629367408845254e-01
3.933933933933933869e+00 2.430171446020816528e-01 2.425132687780748586e-01 2.435210204260884470e-01
3.943943943943943875e+00 2.398304026524351595e-01 2.393284339430775953e-01 2.403323713617927238e-01
3.953953953953953881e+00 2.367856478206162574e-01 2.362857284463616425e-01 2.372855671948708722e-01
3.963963963963963888e+00 2.338703960120090686e-01 2.333726936245870687e-01 2.343680983994310685e-01
3.973973973973973894e+00 2.310710855552314535e-01 2.305757825495699520e-01 2.315663885608929551e-01
3.983983983983983901e+00 2.283731072843089571e-01 2.278803911492536249e-01 2.288658234193642893e-01
3.993993993993993907e+00 2.257608707442460838e-01 2.252709265687130036e-01 2.262508149197791640e-01
4.004004004004004358e+00 2.232179339476262347e-01 2.227309400831683217e-01 2.237049278120841478e-01
4.014014014014014364e+00 2.207272207827428723e-01 2.202433483680260873e-01 2.212110931974596573e-01
4.024024024024024371e+00 2.182713424864275720e-01 2.177907590323293896e-01 2.187519259405257543e-01
4.034034034034034377e+00 2.158330282877431172e-01 2.153559048330205838e-01 2.163101517424656506e-01
4.044044044044044384e+00 2.133956566640909658e-01 2.129221772407856039e-01 2.138691360873963276e-01
4.054054054054054390e+00 2.109438642743337033e-01 2.104742357253557572e-01 2.114134928233116495e-01
4.064064064064064397e+00 2.084641963730839709e-01 2.079986561165258485e-01 2.089297366296420932e-01
4.074074074074074403e+00 2.059457521511574296e-01 2.054845714310185034e-01 2.064069328712963558e-01
4.084084084084084409e+00 2.033807724940599471e-01 2.029242530648673326e-01 2.038372919232525615e-01
4.094094094094094416e+00 2.007651171230040166e-01 2.003135801586849174e-01 2.012166540873231158e-01
4.104104104104104422e+00 1.980985833625952819e-01 1.976523505386024726e-01 1.985448161865880912e-01
4.114114114114114429e+00 1.953850295422656369e-01 1.949443975324627043e-01 1.958256615520685695e-01
4.124124124124124435e+00 1.926322812740521861e-01 1.921974921241781376e-01 1.930670704239262347e-01
4.134134134134134442e+00 1.898518169741551798e-01 1.894230277661937412e-01 1.902806061821166184e-01
4.144144144144144448e+00 1.870582480521484070e-01 1.866355037959354091e-01 1.874809923083614049e-01
4.154154154154154455e+00 1.842686270824141215e-01 1.838518407459379944e-01 1.846854134188902485e-01
4.164164164164164461e+00 1.815016320391961147e-01 1.810905749995002090e-01 1.819126890788920203e-01
4.174174174174174468e+00 1.787766847373283563e-01 1.783709897200021766e-01 1.791823797546545360e-01
4.184184184184184474e+00 1.761130659679796262e-01 1.757122428690355842e-01 1.765138890669236682e-01
4.194194194194194480e+00 1.735290881367725357e-01 1.731325512308848347e-01 1.739256250426602368e-01
4.204204204204204487e+00 1.710413788907094168e-01 1.706484821724898737e-01 1.714342756089289599e-01
4.214214214214214493e+00 1.686643172876826080e-01 1.682743934496927218e-01 1.690542411256724942e-01
4.224224224224224500e+00 1.664096490207347123e-01 1.660220471447662050e-01 1.667972508967032197e-01
4.234234234234234506e+00 1.642862908266340960e-01 1.639004083613036233e-01 1.646721732919645687e-01
4.244244244244244513e+00 1.623003182803359479e-01 1.619156241602909552e-01 1.626850124003809406e-01
4.254254254254254519e+00 1.604551173017961518e-01 1.600711647917004155e-01 1.608390698118918882e-01
4.264264264264264526e+00 1.587516690979947076e-01 1.583680986964385584e-01 1.591352394995508568e-01
4.274274274274274532e+00 1.571889316509423318e-01 1.568054657995585077e-01 1.575723975023261558e-01
4.284284284284284539e+00 1.557642784256299817e-01 1.553807106187071185e-01 1.561478462325528449e-01
4.294294294294294545e+00 1.544739563889847567e-01 1.540901375200756929e-01 1.548577752578938205e-01
4.304304304304304551e+00 1.533135299791939243e-01 1.529293544800615912e-01 1.536977054783262575e-01
4.314314314314314558e+00 1.522782843603787961e-01 1.518936780474087755e-01 1.526628906733488167e-01
4.324324324324324564e+00 1.513635690567582404e-01 1.509784797862207539e-01 1.517486583272957268e-01
4.334334334334334571e+00 1.505650708543956051e-01 1.501794622703835069e-01 1.509506794384077033e-01
4.344344344344344577e+00 1.498790118394183191e-01 1.494928598094829308e-01 1.502651638693537073e-01
4.354354354354354584e+00 1.493022740224307920e-01 1.489155648821957334e-01 1.496889831626658507e-01
4.364364364364364590e+00 1.488324558909383533e-01 1.484451853988335013e-01 1.492197263830432052e-01
4.374374374374374597e+00 1.484678684268854743e-01 1.480800403583446279e-01 1.488556964954263206e-01
4.384384384384384603e+00 1.482074788480282346e-01 1.478191023943230820e-01 1.485958553017333872e-01
4.394394394394394610e+00 1.480508099560485791e-01 1.476618954716675258e-01 1.484397244404296323e-01
4.404404404404404616e+00 1.479978019474129380e-01 1.476083550356168395e-01 1.483872488592090366e-01
4.414414414414414622e+00 1.480486422994037599e-01 1.476586566626650610e-01 1.484386279361424588e-01
4.424424424424424629e+00 1.482035682474349692e-01 1.478130180913362346e-01 1.485941184035337037e-01
4.434434434434434635e+00 1.484626456721368226e-01 1.480714786859285426e-01 1.488538126583451027e-01
4.444444444444444642e+00 1.488255280444755191e-01 1.484336600545304308e-01 1.492173960344206074e-01
4.454454454454454648e+00 1.492911994479901305e-01 1.488985117374760636e-01 1.496838871585041975e-01
4.464464464464464655e+00 1.498577065337772518e-01 1.494640465510487237e-01 1.502513665165057799e-01
4.474474474474474661e+00 1.505218854330700462e-01 1.501270712051159528e-01 1.509166996610241396e-01
4.484484484484484668e+00 1.512790909990826826e-01 1.508829190819267474e-01 1.516752629162386179e-01
4.494494494494494674e+00 1.521229371200445990e-01 1.517251934319919782e-01 1.525206808080972198e-01
4.504504504504504681e+00 1.530450581036976732e-01 1.526455305848928579e-01 1.534445856225024885e-01
4.514514514514514687e+00 1.540349021680453290e-01 1.536333939676775839e-01 1.544364103684130740e-01
4.524524524524524693e+00 1.550795687887009389e-01 1.546759106492900382e-01 1.554832269281118395e-01
4.534534534534534700e+00 1.561637019646818780e-01 1.557577626603331156e-01 1.565696412690306405e-01
4.544544544544544706e+00 1.572694512836060321e-01 1.568611453398985889e-01 1.576777572273134753e-01
4.554554554554554713e+00 1.583765118991285747e-01 1.579658043024311231e-01 1.587872194958260263e-01
4.564564564564564719e+00 1.594622530779730984e-01 1.590491611763469593e-01 1.598753449795992376e-01
4.574574574574574726e+00 1.605019427376457031e-01 1.600865359488580775e-01 1.609173495264333287e-01
4.584584584584584732e+00 1.614690723125936922e-01 1.610514705114755307e-01 1.618866741137118537e-01
4.594594594594594739e+00 1.623357823421706925e-01 1.619161538576592840e-01 1.627554108266821009e-01
4.604604604604604745e+00 1.630733844325178428e-01 1.626519444425016392e-01 1.634948244225340463e-01
4.614614614614614752e+00 1.636529698690867840e-01 1.632299796758002186e-01 1.640759600623733494e-01
4.624624624624624758e+00 1.640460894184224971e-01 1.636218566863985036e-01 1.644703221504464907e-01
4.634634634634634764e+00 1.642254831316910524e-01 1.638003627586648026e-01 1.646506035047173022e-01
4.644644644644644771e+00 1.641658337057951278e-01 1.637402286586422950e-01 1.645914387529479606e-01
4.654654654654654777e+00 1.638445126722651024e-01 1.634188739219812336e-01 1.642701514225489712e-01
4.664664664664664784e+00 1.632422858666784660e-01 1.628171105352206049e-01 1.636674611981363270e-01
4.674674674674674790e+00 1.623439437158888665e-01 1.619197707038411149e-01 1.627681167279366181e-01
4.684684684684684797e+00 1.611388231811558547e-01 1.607162258453722348e-01 1.615614205169394746e-01
4.694694694694694803e+00 1.596211918565585974e-01 1.592007676939935779e-01 1.600416160191236170e-01
4.704704704704704810e+00 1.577904706829170167e-01 1.573728283836756392e-01 1.582081129821583942e-01
4.714714714714714816e+00 1.556512797172747153e-01 1.552370243135704764e-01 1.560655351209789543e-01
4.724724724724724823e+00 1.532133009059092055e-01 1.528030180161531748e-01 1.536235837956652361e-01
4.734734734734734829e+00 1.504909621768425187e-01 1.500852024980154908e-01 1.508967218556695467e-01
4.744744744744744835e+00 1.475029576077342974e-01 1.471022228375581664e-01 1.479036923779104284e-01
4.754754754754754842e+00 1.442716281007449808e-01 1.438763593832361742e-01 1.446668968182537873e-01
4.764764764764764848e+00 1.408222351061674815e-01 1.404328049087888719e-01 1.412116653035460911e-01
4.774774774774774855e+00 1.371821657975159092e-01 1.367988738670486426e-01 1.375654577279831758e-01
4.784784784784784861e+00 1.333801112196312533e-01 1.330031849468622795e-01 1.337570374924002270e-01
4.794794794794794868e+00 1.294452590623775823e-01 1.290748582293279045e-01 1.298156598954272600e-01
4.804804804804804874e+00 1.254065398857157343e-01 1.250427653894549962e-01 1.257703143819764724e-01
4.814814814814814881e+00 1.212919601446272450e-01 1.209348659097057160e-01 1.216490543795487739e-01
4.824824824824824887e+00 1.171280477862915587e-01 1.167776547251068719e-01 1.174784408474762454e-01
4.834834834834834894e+00 1.129394272544785444e-01 1.125957378561535521e-01 1.132831166528035366e-01
4.844844844844844900e+00 1.087485312778147251e-01 1.084115432551012170e-01 1.090855193005282331e-01
4.854854854854854906e+00 1.045754476885184664e-01 1.042451651404247281e-01 1.049057302366122046e-01
4.864864864864864913e+00 1.004378914782527166e-01 1.001143322671478458e-01 1.007614506893575873e-01
4.874874874874874919e+00 9.635128593910530226e-02 9.603448443558469660e-02 9.666808744262590791e-02
4.884884884884884926e+00 9.232893241872203172e-02 9.201893739442124076e-02 9.263892744302282267e-02
4.894894894894894932e+00 8.838224603584926564e-02 8.807911420224942556e-02 8.868537786944910573e-02
4.904904904904904939e+00 8.452103449654191358e-02 8.422482088592121718e-02 8.481724810716260998e-02
4.914914914914914945e+00 8.075379854789853373e-02 8.046454548853929079e-02 8.104305160725777668e-02
4.924924924924924952e+00 7.708803508846870378e-02 7.680576182579948452e-02 7.737030835113792304e-02
4.934934934934934958e+00 7.353052695099572544e-02 7.325522192332628579e-02 7.380583197866516509e-02
4.944944944944944965e+00 7.008760635487146229e-02 6.981922370747435658e-02 7.035598900226856800e-02
4.954954954954954971e+00 6.676538158883506269e-02 6.650384272817704001e-02 6.702692044949308536e-02
4.964964964964964977e+00 6.356991841389228459e-02 6.331511836539920057e-02 6.382471846238536861e-02
4.974974974974974984e+00 6.050736897131338277e-02 6.025918618382368475e-02 6.075555175880308079e-02
4.984984984984984990e+00 5.758404184395080755e-02 5.734234910707027705e-02 5.782573458083133805e-02
4.994994994994994997e+00 5.480640770814793755e-02 5.457108124287345791e-02 5.504173417342241720e-02
5.005005005005005003e+00 5.218103616114524307e-02 5.195195987933562409e-02 5.241011244295486204e-02
5.015015015015015010e+00 4.971446122778247489e-02 4.949152369467660351e-02 4.993739876088834628e-02
5.025025025025025016e+00 4.741297603700742741e-02 4.719605875297767927e-02 4.762989332103717555e-02
5.035035035035035023e+00 4.528236131317671387e-02 4.507131840151599317e-02 4.549340422483743457e-02
5.045045045045045029e+00 4.332755750361053787e-02 4.312218855367262738e-02 4.353292645354844836e-02
5.055055055055055035e+00 4.155229616169110046e-02 4.135231563541869743e-02 4.175227668796350350e-02
5.065065065065065042e+00 3.995871200386164751e-02 3.976372007514970136e-02 4.015370393257359366e-02
5.075075075075075048e+00 3.854696209524371281e-02 3.835642281696667599e-02 3.873750137352074963e-02
5.085085085085085055e+00 3.731488209003368250e-02 3.712811502853980566e-02 3.750164915152755934e-02
5.095095095095095061e+00 3.625771064015911871e-02 3.607390114263063496e-02 3.644152013768760245e-02
5.105105105105105068e+00 3.536791146971483141e-02 3.518614218557203355e-02 3.554968075385762927e-02
5.115115115115115074e+00 3.463511797104117107e-02 3.445442023765717121e-02 3.481581570442517093e-02
5.125125125125125081e+00 3.404621764509051934e-02 3.386563675564979031e-02 3.422679853453124837e-02
5.135135135135135087e+00 3.358558378781652948e-02 3.340424853996885879e-02 3.376691903566420017e-02
5.145145145145145094e+00 3.323545035242904400e-02 3.305263610895498722e-02 3.341826459590310078e-02
5.155155155155155100e+00 3.297641398032956361e-02 3.279159021991721185e-02 3.316123774074191538e-02
5.165165165165165106e+00 3.278803600583030803e-02 3.260089313009207485e-02 3.297517888156854121e-02
5.175175175175175113e+00 3.264950800263479586e-02 3.245996239634309916e-02 3.283905360892649256e-02
5.185185185185185119e+00 3.254033819629575247e-02 3.234851786162647874e-02 3.273215853096502620e-02
5.195195195195195126e+00 3.244101357069593961e-02 3.224722852796844952e-02 3.263479861342342969e-02
5.205205205205205132e+00 3.233359411634327552e-02 3.213829636000838791e-02 3.252889187267816312e-02
5.215215215215215139e+00 3.220220133292100995e-02 3.200593894938948136e-02 3.239846371645253853e-02
5.225225225225225145e+00 3.203337229726484908e-02 3.183674186117893545e-02 3.223000273335076271e-02
5.235235235235235152e+00 3.181626244094292594e-02 3.161986329927074513e-02 3.201266158261510675e-02
5.245245245245245158e+00 3.154269345801425511e-02 3.134708709037369728e-02 3.173829982565481295e-02
5.255255255255255165e+00 3.120705613366308792e-02 3.101273341041815845e-02 3.140137885690801739e-02
5.265265265265265171e+00 3.080608999066278275e-02 3.061344872722807781e-02 3.099873125409748770e-02
5.275275275275275177e+00 3.033857127935512057e-02 3.014790586815370085e-02 3.052923669055654030e-02
5.285285285285285184e+00 2.980494705246796577e-02 2.961645102976079996e-02 2.999344307517513158e-02
5.295295295295295190e+00 2.920695531201176684e-02 2.902073645390894352e-02 2.939317417011459016e-02
5.305305305305305197e+00 2.854726937023688640e-02 2.836337541358962058e-02 2.873116332688415223e-02
5.315315315315315203e+00 2.782919894892459459e-02 2.764765055263550264e-02 2.801074734521368653e-02
5.325325325325325210e+00 2.705647186470825846e-02 2.687729831810216005e-02 2.723564541131435687e-02
5.335335335335335216e+00 2.623310943137655352e-02 2.605638220534201022e-02 2.640983665741109682e-02
5.345345345345345223e+00 2.536339715511239795e-02 2.518925683317534830e-02 2.553753747704944760e-02
5.355355355355355229e+00 2.445194115135918694e-02 2.428061447057130312e-02 2.462326783214707077e-02
5.365365365365365236e+00 2.350379112359738537e-02 2.333559647820777558e-02 2.367198576898699516e-02
5.375375375375375242e+00 2.252460364842878357e-02 2.235994505625372650e-02 2.268926224060384064e-02
5.385385385385385248e+00 2.152081553207327649e-02 2.136016639338526521e-02 2.168146467076128778e-02
5.395395395395395255e+00 2.049979640246590157e-02 2.034367520944859245e-02 2.065591759548321069e-02
5.405405405405405261e+00 1.946995236948690852e-02 1.931889282898411817e-02 1.962101190998969888e-02
5.415415415415415268e+00 1.844075807675072537e-02 1.829527598167506389e-02 1.858624017182638685e-02
5.425425425425425274e+00 1.742270206689649700e-02 1.728326083619704384e-02 1.756214329759595016e-02
5.435435435435435281e+00 1.642713919951503329e-02 1.629411545773809186e-02 1.656016294129197472e-02
5.445445445445445287e+00 1.546605294087038257e-02 1.533970297885489491e-02 1.559240290288587023e-02
5.455455455455455294e+00 1.455173877082397739e-02 1.443216638208617494e-02 1.467131115956177984e-02
5.465465465465465300e+00 1.369642694131101117e-02 1.358355316375188179e-02 1.380930071887014055e-02
5.475475475475475307e+00 1.291186779352690960e-02 1.280540375551058804e-02 1.301833183154323115e-02
5.485485485485485313e+00 1.220890546752613146e-02 1.210833109527634406e-02 1.230947983977591885e-02
5.495495495495495319e+00 1.159706605046342646e-02 1.150161986454033627e-02 1.169251223638651666e-02
5.505505505505505326e+00 1.108418418799566978e-02 1.099287207184530997e-02 1.117549630414602958e-02
5.515515515515515332e+00 1.067608831527906525e-02 1.058771989479122440e-02 1.076445673576690611e-02
5.525525525525525339e+00 1.037635948794788515e-02 1.028961655994320955e-02 1.046310241595256076e-02
5.535535535535535345e+00 1.018617293021689164e-02 1.009970396810437078e-02 1.027264189232941251e-02
5.545545545545545352e+00 1.010422549868999868e-02 1.001674799801508323e-02 1.019170299936491414e-02
5.555555555555555358e+00 1.012674686260626490e-02 1.003713397447449605e-02 1.021635975073803375e-02
5.565565565565565365e+00 1.024758778772036361e-02 1.015492218162203017e-02 1.034025339381869704e-02
5.575575575575575371e+00 1.045837579161136219e-02 1.036196710736031652e-02 1.055478447586240785e-02
5.585585585585585378e+00 1.074872674606544738e-02 1.064810017336567487e-02 1.084935331876521990e-02
5.595595595595595384e+00 1.110650069071641120e-02 1.100136853234937213e-02 1.121163284908345027e-02
5.605605605605605390e+00 1.151809098177896014e-02 1.140831791524835569e-02 1.162786404830956459e-02
5.615615615615615397e+00 1.196873759217773406e-02 1.185430710903592928e-02 1.208316807531953883e-02
5.625625625625625403e+00 1.244285748587733997e-02 1.232384388704754925e-02 1.256187108470713069e-02
5.635635635635635410e+00 1.292438706734383262e-02 1.280093512108361128e-02 1.304783901360405396e-02
5.645645645645645416e+00 1.339713335005279261e-02 1.326944617234578246e-02 1.352482052775980277e-02
5.655655655655655423e+00 1.384513137935831223e-02 1.371346599875248630e-02 1.397679675996413816e-02
5.665665665665665429e+00 1.425300540212210559e-02 1.411767464070798339e-02 1.438833616353622780e-02
5.675675675675675436e+00 1.460633027555852115e-02 1.446770896421907537e-02 1.474495158689796692e-02
5.685685685685685442e+00 1.489198779334735198e-02 1.475052097114658289e-02 1.503345461554812107e-02
5.695695695695695449e+00 1.509851026886312869e-02 1.495472093547166315e-02 1.524229960225459424e-02
5.705705705705705455e+00 1.521640125388861592e-02 1.507089545869077195e-02 1.536190704908645989e-02
5.715715715715715461e+00 1.523842114204374161e-02 1.509188866150299249e-02 1.538495362258449073e-02
5.725725725725725468e+00 1.515982405563055455e-02 1.501303354734602295e-02 1.530661456391508614e-02
5.735735735735735474e+00 1.497853221417737996e-02 1.483232043968948227e-02 1.512474398866527764e-02
5.745745745745745481e+00 1.469523517199871482e-02 1.455049055545727318e-02 1.483997978854015645e-02
5.755755755755755487e+00 1.431340395693290850e-02 1.417104532096865981e-02 1.445576259289715719e-02
5.765765765765765494e+00 1.383921411809089196e-02 1.370016586781407780e-02 1.397826236836770611e-02
5.775775775775775500e+00 1.328137668831287990e-02 1.314654198098928403e-02 1.341621139563647577e-02
5.785785785785785507e+00 1.265088162768413481e-02 1.252111516963516288e-02 1.278064808573310673e-02
5.795795795795795513e+00 1.196066388208516691e-02 1.183674594738044414e-02 1.208458181678988969e-02
5.805805805805805520e+00 1.122520718153723236e-02 1.110782026600803593e-02 1.134259409706642879e-02
5.815815815815815526e+00 1.046010457872498071e-02 1.034981380514812463e-02 1.057039535230183680e-02
5.825825825825825532e+00 9.681597064240257330e-03 9.578835053997866028e-03 9.784359074482648633e-03
5.835835835835835539e+00 8.906112136013952588e-03 8.811168564744183140e-03 9.001055707283722035e-03
5.845845845845845545e+00 8.149822892037117059e-03 8.062838343891468376e-03 8.236807440182765741e-03
5.855855855855855552e+00 7.428245213304584919e-03 7.349208213939912963e-03 7.507282212669256875e-03
5.865865865865865558e+00 6.755886254554812134e-03 6.684631452608440216e-03 6.827141056501184052e-03
5.875875875875875565e+00 6.145952259751597500e-03 6.082156605290729018e-03 6.209747914212465983e-03
5.885885885885885571e+00 5.610118252971153449e-03 5.553290780304984478e-03 5.666945725637322420e-03
5.895895895895895578e+00 5.158357029084392580e-03 5.107817080832908682e-03 5.208896977335876477e-03
5.905905905905905584e+00 4.798820637091862421e-03 4.753661091775260306e-03 4.843980182408464535e-03
5.915915915915915591e+00 4.537764652189846953e-03 4.496805773004102988e-03 4.578723531375590919e-03
5.925925925925925597e+00 4.379504246600988970e-03 4.341265974271819872e-03 4.417742518930158069e-03
5.935935935935935603e+00 4.326391476325445844e-03 4.289138159201952467e-03 4.363644793448939220e-03
5.945945945945945610e+00 4.378805183153889995e-03 4.340700060346061769e-03 4.416910305961718221e-03
5.955955955955955616e+00 4.535148165631569354e-03 4.494465245418453360e-03 4.575831085844685349e-03
5.965965965965965623e+00 4.791850347524833839e-03 4.747128557644394835e-03 4.836572137405272843e-03
5.975975975975975629e+00 5.143381019277783184e-03 5.093467714186315949e-03 5.193294324369250418e-03
5.985985985985985636e+00 5.582277263621955067e-03 5.526298534664706406e-03 5.638255992579203728e-03
5.995995995995995642e+00 6.099198847723865183e-03 6.036511241331943625e-03 6.161886454115786740e-03
6.006006006006005649e+00 6.683021709279537807e-03 6.613173556794866258e-03 6.752869861764209357e-03
6.016016016016015655e+00 7.320982363662521288e-03 7.243690434505779992e-03 7.398274292819262583e-03
6.026026026026025662e+00 7.998883972944811557e-03 7.914022027290679856e-03 8.083745918598943259e-03
6.036036036036035668e+00 8.701371500071608533e-03 8.608965628437763307e-03 8.793777371705453760e-03
6.046046046046045674e+00 9.412278569187563018e-03 9.312505031562537741e-03 9.512052106812588295e-03
6.056056056056055681e+00 1.011504278066853620e-02 1.000822532909919661e-02 1.022186023223787578e-02
6.066066066066065687e+00 1.079317982827892111e-02 1.067978461017390392e-02 1.090657504638393831e-02
6.076076076076075694e+00 1.143080045005086774e-02 1.131142744947853142e-02 1.155017345062320407e-02
6.086086086086085700e+00 1.201314863876595633e-02 1.188851925340924688e-02 1.213777802412266578e-02
6.096096096096095707e+00 1.252713521525187015e-02 1.239807603317526381e-02 1.265619439732847649e-02
6.106106106106105713e+00 1.296183829219041926e-02 1.282926145738477221e-02 1.309441512699606631e-02
6.116116116116115720e+00 1.330894163759641438e-02 1.317382239602432614e-02 1.344406087916850262e-02
6.126126126126125726e+00 1.356308361175161299e-02 1.342643572382489284e-02 1.369973149967833315e-02
6.136136136136135732e+00 1.372209313117730110e-02 1.358494283544995317e-02 1.385924342690464904e-02
6.146146146146145739e+00 1.378709475487215584e-02 1.365045388782003960e-02 1.392373562192427208e-02
6.156156156156155745e+00 1.376247207958405938e-02 1.362731081940292237e-02 1.389763333976519639e-02
6.166166166166165752e+00 1.365568664290735430e-02 1.352290617876642995e-02 1.378846710704827866e-02
6.176176176176175758e+00 1.347695786933309631e-02 1.334736313550993932e-02 1.360655260315625330e-02
6.186186186186185765e+00 1.323881764679393433e-02 1.311309014715517259e-02 1.336454514643269607e-02
6.196196196196195771e+00 1.295556032225569573e-02 1.283423106483890484e-02 1.307688957967248662e-02
6.206206206206205778e+00 1.264261477363939727e-02 1.252603752632073554e-02 1.275919202095805900e-02
6.216216216216215784e+00 1.231586939225146927e-02 1.220419498740892700e-02 1.242754379709401155e-02
6.226226226226225791e+00 1.199098307778405370e-02 1.188413649669290209e-02 1.209782965887520531e-02
6.236236236236235797e+00 1.168271563851890939e-02 1.158037920971681511e-02 1.178505206732100366e-02
6.246246246246245803e+00 1.140430937589352080e-02 1.130591747664414642e-02 1.150270127514289517e-02
6.256256256256255810e+00 1.116695031095036456e-02 1.107170267724425644e-02 1.126219794465647267e-02
6.266266266266265816e+00 1.097933277159886777e-02 1.088623321119743317e-02 1.107243233200030236e-02
6.276276276276275823e+00 1.084734525871816103e-02 1.075526825819863794e-02 1.093942225923768413e-02
6.286286286286285829e+00 1.077388903143128122e-02 1.068166828366649140e-02 1.086610977919607104e-02
6.296296296296295836e+00 1.075883408397670764e-02 1.066535800009003367e-02 1.085231016786338161e-02
6.306306306306305842e+00 1.079911049175924682e-02 1.070340625092269099e-02 1.089481473259580266e-02
6.316316316316315849e+00 1.088892680487218816e-02 1.079021925858275610e-02 1.098763435116162021e-02
6.326326326326325855e+00 1.102010153520519183e-02 1.091784290896079951e-02 1.112236016144958414e-02
6.336336336336335862e+00 1.118248903513456918e-02 1.107636374128918334e-02 1.128861432897995502e-02
6.346346346346345868e+00 1.136447736523045308e-02 1.125438995093329050e-02 1.147456477952761567e-02
6.356356356356355874e+00 1.155353320924342071e-02 1.143958706341044462e-02 1.166747935507639680e-02
6.366366366366365881e+00 1.173676758521827179e-02 1.161923974227459938e-02 1.185429542816194420e-02
6.376376376376375887e+00 1.190149604755876174e-02 1.178081103000431888e-02 1.202218106511320460e-02
6.386386386386385894e+00 1.203576825934221488e-02 1.191247216903714226e-02 1.215906434964728750e-02
6.396396396396395900e+00 1.212884417534724861e-02 1.200357926897026827e-02 1.225410908172422896e-02
6.406406406406405907e+00 1.217159750333430580e-02 1.204507709665436285e-02 1.229811791001424875e-02
6.416416416416416801e+00 1.215683144046134090e-02 1.202981496624473332e-02 1.228384791467794848e-02
6.426426426426426808e+00 1.207949669535008860e-02 1.195276491955185073e-02 1.220622847114832647e-02
6.436436436436436814e+00 1.193680723512712330e-02 1.181113789557794100e-02 1.206247657467630560e-02
6.446446446446446821e+00 1.172825473009488084e-02 1.160439912219338350e-02 1.185211033799637818e-02
6.456456456456456827e+00 1.145552797102225052e-02 1.133418921576135989e-02 1.157686672628314116e-02
6.466466466466466834e+00 1.112234826815548631e-02 1.100416212851359522e-02 1.124053440779737741e-02
6.476476476476476840e+00 1.073423569576542787e-02 1.061975484050783902e-02 1.084871655102301671e-02
6.486486486486486847e+00 1.029822376546854663e-02 1.018790630555746653e-02 1.040854122537962674e-02
6.496496496496496853e+00 9.822541522067582478e-03 9.716744460310958870e-03 9.928338583824206087e-03
6.506506506506506859e+00 9.316282086759913872e-03 9.215260026447019345e-03 9.417304147072808398e-03
6.516516516516516866e+00 8.789075368313846795e-03 8.692984427807335518e-03 8.885166308820358072e-03
6.526526526526526872e+00 8.250780181551585490e-03 8.159686576445668305e-03 8.341873786657502676e-03
6.536536536536536879e+00 7.711207614201491187e-03 7.625099831758877685e-03 7.797315396644104689e-03
6.546546546546546885e+00 7.179883505559164596e-03 7.098686465614031590e-03 7.261080545504297601e-03
6.556556556556556892e+00 6.665853725927950793e-03 6.589442876825778693e-03 6.742264575030122893e-03
6.566566566566566898e+00 6.177531963884957955e-03 6.105744986545885537e-03 6.249318941224030373e-03
6.576576576576576905e+00 5.722586296722478177e-03 5.655230053792739166e-03 5.789942539652217189e-03
6.586586586586586911e+00 5.307858228982552037e-03 5.244708836352284138e-03 5.371007621612819936e-03
6.596596596596596918e+00 4.939306331934872896e-03 4.880100767380318207e-03 4.998511896489427585e-03
6.606606606606606924e+00 4.621966189339037426e-03 4.566384762148773500e-03 4.677547616529301351e-03
6.616616616616616930e+00 4.359919022078785275e-03 4.307559551354084651e-03 4.412278492803485899e-03
6.626626626626626937e+00 4.156262987199804519e-03 4.106610145641580514e-03 4.205915828758028524e-03
6.636636636636636943e+00 4.013083494576552210e-03 3.965480872746444951e-03 4.060686116406659468e-03
6.646646646646646950e+00 3.931421659666335493e-03 3.885058919439144873e-03 3.977784399893526113e-03
6.656656656656656956e+00 3.911242881078472004e-03 3.865172274928125457e-03 3.957313487228818552e-03
6.666666666666666963e+00 3.951410162239474277e-03 3.904599937636060291e-03 3.998220386842887830e-03
6.676676676676676969e+00 4.049668882212154215e-03 4.001084735867454882e-03 4.098253028556853549e-03
6.686686686686686976e+00 4.202651014409954089e-03 4.151341672155068815e-03 4.253960356664839362e-03
6.696696696696696982e+00 4.405907125822175301e-03 4.351070064655782749e-03 4.460744186988567853e-03
6.706706706706706989e+00 4.653973789406030612e-03 4.594991030952471148e-03 4.712956547859590076e-03
6.716716716716716995e+00 4.940482333594991421e-03 4.876930377571414045e-03 5.004034289618568797e-03
6.726726726726727001e+00 5.258312256212524516e-03 5.189955779140498215e-03 5.326668733284550816e-03
6.736736736736737008e+00 5.599789350299983447e-03 5.526566883200616058e-03 5.673011817399350835e-03
6.746746746746747014e+00 5.956924896620441681e-03 5.878931190730357290e-03 6.034918602510526073e-03
6.756756756756757021e+00 6.321688483402816694e-03 6.239155489612203780e-03 6.404221477193429608e-03
6.766766766766767027e+00 6.686303444160374490e-03 6.599580341407534044e-03 6.773026546913214936e-03
6.776776776776777034e+00 7.043550872030205842e-03 6.953083043265561800e-03 7.134018700794849885e-03
6.786786786786787040e+00 7.387065948438321754e-03 7.293372781704004701e-03 7.480759115172638807e-03
6.796796796796797047e+00 7.711609129741803584e-03 7.615260710645909738e-03 7.807957548837697430e-03
6.806806806806807053e+00 8.013294707675689549e-03 7.914887692106945330e-03 8.111701723244433768e-03
6.816816816816817060e+00 8.289760454472152804e-03 8.189893574659587450e-03 8.389627334284718158e-03
6.826826826826827066e+00 8.540264453174664996e-03 8.439514174975782518e-03 8.641014731373547475e-03
6.836836836836837072e+00 8.765698689572108335e-03 8.664595499303005821e-03 8.866801879841210848e-03
6.846846846846847079e+00 8.968513365269095358e-03 8.867519049047846436e-03 9.069507681490344281e-03
6.856856856856857085e+00 9.152550944430876134e-03 9.052037095915966766e-03 9.253064792945785502e-03
6.866866866866867092e+00 9.322794388124291953e-03 9.223022341097366489e-03 9.422566435151217418e-03
6.876876876876877098e+00 9.485039548135388437e-03 9.386142102369187876e-03 9.583936993901588999e-03
6.886886886886887105e+00 9.645506958348312038e-03 9.547472764357760669e-03 9.743541152338863406e-03
6.896896896896897111e+00 9.810412944783918759e-03 9.713075267932295975e-03 9.907750621635541544e-03
6.906906906906907118e+00 9.985523754545639133e-03 9.888556394875193042e-03 1.008249111421608522e-02
6.916916916916917124e+00 1.017571898457838089e-02 1.007864294071536375e-02 1.027279502844139804e-02
6.926926926926927131e+00 1.038459172212995510e-02 1.028679605663695464e-02 1.048238738762295556e-02
6.936936936936937137e+00 1.061411230198540910e-02 1.051489095994550746e-02 1.071333364402531074e-02
6.946946946946947143e+00 1.086438033674363285e-02 1.076298340401248346e-02 1.096577726947478224e-02
6.956956956956957150e+00 1.113348568538212457e-02 1.102917980431806014e-02 1.123779156644618901e-02
6.966966966966967156e+00 1.141749341210309202e-02 1.130962350413582812e-02 1.152536332007035591e-02
6.976976976976977163e+00 1.171056080091417012e-02 1.159860509038319540e-02 1.182251651144514484e-02
6.986986986986987169e+00 1.200518650756434574e-02 1.188879894479469984e-02 1.212157407033399165e-02
6.996996996996997176e+00 1.229258343717722773e-02 1.217162071265219872e-02 1.241354616170225675e-02
7.007007007007007182e+00 1.256315850371529826e-02 1.243769157943970874e-02 1.268862542799088777e-02
7.017017017017017189e+00 1.280707466756482969e-02 1.267738645709386332e-02 1.293676287803579607e-02
7.027027027027027195e+00 1.301486416094315736e-02 1.288143570534818622e-02 1.314829261653812850e-02
7.037037037037037202e+00 1.317805713294190571e-02 1.304154471041648472e-02 1.331456955546732671e-02
7.047047047047047208e+00 1.328978749435076254e-02 1.315099291602889013e-02 1.342858207267263494e-02
7.057057057057057214e+00 1.334533777336976632e-02 1.320517386045842213e-02 1.348550168628111050e-02
7.067067067067067221e+00 1.334258737401673722e-02 1.320204035100902736e-02 1.348313439702444709e-02
7.077077077077077227e+00 1.328233362802346690e-02 1.314242389758274628e-02 1.342224335846418752e-02
7.087087087087087234e+00 1.316846212909872707e-02 1.303020458477005539e-02 1.330671967342739875e-02
7.097097097097097240e+00 1.300795155829347939e-02 1.287231621432734403e-02 1.314358690225961475e-02
7.107107107107107247e+00 1.281070795942377931e-02 1.267858122529674260e-02 1.294283469355081602e-02
7.117117117117117253e+00 1.258923355144857432e-02 1.246137997628122239e-02 1.271708712661592626e-02
7.127127127127127260e+00 1.235814501122324549e-02 1.223516884459027385e-02 1.248112117785621714e-02
7.137137137137137266e+00 1.213356510987383119e-02 1.201587073210740736e-02 1.225125948764025502e-02
7.147147147147147273e+00 1.193241910848199389e-02 1.182016958869786145e-02 1.204466862826612632e-02
7.157157157157157279e+00 1.177167299613324745e-02 1.166474728144763738e-02 1.187859871081885753e-02
7.167167167167167285e+00 1.166755419599887350e-02 1.156550647586877291e-02 1.176960191612897409e-02
7.177177177177177292e+00 1.163479661494753320e-02 1.153682679111601300e-02 1.173276643877905340e-02
7.187187187187187298e+00 1.168595083770139834e-02 1.159090179493666752e-02 1.178099988046612916e-02
7.197197197197197305e+00 1.183079695289061817e-02 1.173719796777901794e-02 1.192439593800221839e-02
7.207207207207207311e+00 1.207589213597084869e-02 1.198206051334197060e-02 1.216972375859972678e-02
7.217217217217217318e+00 1.242427798801152249e-02 1.232846932073235202e-02 1.252008665529069295e-02
7.227227227227227324e+00 1.287536411055140335e-02 1.277593664463662175e-02 1.297479157646618496e-02
7.237237237237237331e+00 1.342499493224458620e-02 1.332054610695000696e-02 1.352944375753916545e-02
7.247247247247247337e+00 1.406569690524549568e-02 1.395514677782785234e-02 1.417624703266313901e-02
7.257257257257257343e+00 1.478709341896242320e-02 1.466971447458732987e-02 1.490447236333751653e-02
7.267267267267267350e+00 1.557646572033626227e-02 1.545187361917965858e-02 1.570105782149286422e-02
7.277277277277277356e+00 1.641943035710274543e-02 1.628755212794415902e-02 1.655130858626133183e-02
7.287287287287287363e+00 1.730069769454650741e-02 1.716172915341798721e-02 1.743966623567502761e-02
7.297297297297297369e+00 1.820487231746866982e-02 1.805923114641579466e-02 1.835051348852154499e-02
7.307307307307307376e+00 1.911725489025254549e-02 1.896553227419547558e-02 1.926897750630961539e-02
7.317317317317317382e+00 2.002460639452792457e-02 1.986751844108041939e-02 2.018169434797542974e-02
7.327327327327327389e+00 2.091583946949640907e-02 2.075417917317798344e-02 2.107749976581483470e-02
7.337337337337337395e+00 2.178260750223425662e-02 2.161719815354678706e-02 2.194801685092172619e-02
7.347347347347347402e+00 2.261976961739601763e-02 2.245142090082470274e-02 2.278811833396733252e-02
7.357357357357357408e+00 2.342571811260954484e-02 2.325518645431616516e-02 2.359624977090292453e-02
7.367367367367367414e+00 2.420256341219485102e-02 2.403051829411431348e-02 2.437460853027538857e-02
7.377377377377377421e+00 2.495617950459974241e-02 2.478317737455722897e-02 2.512918163464225585e-02
7.387387387387387427e+00 2.569611941335976993e-02 2.552258644174377686e-02 2.586965238497576300e-02
7.397397397397397434e+00 2.643541502177355895e-02 2.626163927275676838e-02 2.660919077079034953e-02
7.407407407407407440e+00 2.719027824987091391e-02 2.701641089438094195e-02 2.736414560536088586e-02
7.417417417417417447e+00 2.797972115382122218e-02 2.780578527515875295e-02 2.815365703248369142e-02
7.427427427427427453e+00 2.882511123025855576e-02 2.865101576513508219e-02 2.899920669538202933e-02
7.437437437437437460e+00 2.974967553736372269e-02 2.957523120741020403e-02 2.992411986731724136e-02
7.447447447447447466e+00 3.077796383288334756e-02 3.060289778405330188e-02 3.095302988171339323e-02
7.457457457457457473e+00 3.193527749784740716e-02 3.175924389837484624e-02 3.211131109731996808e-02
7.467467467467467479e+00 3.324706826806834298e-02 3.306965327125049869e-02 3.342448326488618726e-02
7.477477477477477485e+00 3.473830932608178851e-02 3.455903036249800830e-02 3.491758828966556871e-02
7.487487487487487492e+00 3.643284151410636912e-02 3.625114250416908851e-02 3.661454052404364973e-02
7.497497497497497498e+00 3.835269946426440174e-02 3.816794487013370346e-02 3.853745405839510002e-02
7.507507507507507505e+00 4.051742618130426549e-02 4.032889753020048318e-02 4.070595483240804779e-02
7.517517517517517511e+00 4.294338966360579379e-02 4.275028807195960928e-02 4.313649125525197831e-02
7.527527527527527518e+00 4.564312089224888819e-02 4.544457817710136766e-02 4.584166360739640872e-02
7.537537537537537524e+00 4.862469817854094684e-02 4.841979755082925080e-02 4.882959880625264287e-02
7.547547547547547531e+00 5.189120758941474787e-02 5.167901307638549796e-02 5.210340210244399778e-02
7.557557557557557537e+00 5.544031214521551870e-02 5.521990427444620209e-02 5.566072001598483532e-02
7.567567567567567544e+00 5.926396300588943761e-02 5.903447730753587364e-02 5.949344870424300158e-02
7.577577577577577550e+00 6.334828343890570868e-02 6.310894815153732240e-02 6.358761872627409495e-02
7.587587587587587556e+00 6.767365078296212755e-02 6.742382066390049944e-02 6.792348090202375566e-02
7.597597597597597563e+00 7.221499299391881399e-02 7.195417703031611878e-02 7.247580895752150920e-02
7.607607607607607569e+00 7.694230512732214144e-02 7.667018688418800187e-02 7.721442337045628101e-02
7.617617617617617576e+00 8.182137803692456079e-02 8.153782812986690165e-02 8.210492794398221994e-02
7.627627627627627582e+00 8.681471768206965034e-02 8.651979834132067504e-02 8.710963702281862564e-02
7.637637637637637589e+00 9.188261996256001651e-02 9.157658189870970800e-02 9.218865802641032503e-02
7.647647647647647595e+00 9.698435425443421853e-02 9.666762614635461548e-02 9.730108236251382159e-02
7.657657657657657602e+00 1.020794000969416915e-01 1.017525711079468737e-01 1.024062290859365093e-01
7.667667667667667608e+00 1.071286769256466626e-01 1.067924727968396492e-01 1.074648810544536759e-01
7.677677677677677615e+00 1.120957072390850046e-01 1.117509607481800005e-01 1.124404537299900086e-01
7.687687687687687621e+00 1.169476596317875899e-01 1.165952765369055871e-01 1.173000427266695928e-01
7.697697697697697627e+00 1.216562297774378271e-01 1.212971517479234651e-01 1.220153078069521890e-01
7.707707707707707634e+00 1.261983342483433412e-01 1.258335006538302270e-01 1.265631678428564555e-01
7.717717717717717640e+00 1.305566130420961479e-01 1.301869237518160360e-01 1.309263023323762598e-01
7.727727727727727647e+00 1.347197603936043375e-01 1.343460418593495076e-01 1.350934789278591674e-01
7.737737737737737653e+00 1.386827279981415750e-01 1.383057048037450443e-01 1.390597511925381058e-01
7.747747747747747660e+00 1.424468679505642155e-01 1.420671416867652082e-01 1.428265942143632228e-01
7.757757757757757666e+00 1.460201021123856413e-01 1.456381388972176338e-01 1.464020653275536488e-01
7.767767767767767673e+00 1.494172177950434111e-01 1.490333450675969396e-01 1.498010905224898826e-01
7.777777777777777679e+00 1.526603942515924739e-01 1.522748067166202202e-01 1.530459817865647276e-01
7.787787787787787686e+00 1.557800584432229851e-01 1.553928323450613769e-01 1.561672845413845934e-01
7.797797797797797692e+00 1.588161503067825053e-01 1.584272646571765752e-01 1.592050359563884354e-01
7.807807807807807698e+00 1.618198463739399517e-01 1.614292093965612462e-01 1.622104833513186573e-01
7.817817817817817705e+00 1.648557460224574223e-01 1.644632248876146396e-01 1.652482671573002049e-01
7.827827827827827711e+00 1.680044678724712803e-01 1.676099196949109027e-01 1.683990160500316580e-01
7.837837837837837718e+00 1.713655371066739042e-01 1.709688390470299468e-01 1.717622351663178615e-01
7.847847847847847724e+00 1.750603713927788296e-01 1.746614474267837447e-01 1.754592953587739146e-01
7.857857857857857731e+00 1.792350986480439334e-01 1.788339400877416441e-01 1.796362572083462228e-01
7.867867867867867737e+00 1.840628705083925953e-01 1.836595466988048264e-01 1.844661943179803643e-01
7.877877877877877744e+00 1.897452786035644934e-01 1.893399334864764583e-01 1.901506237206525285e-01
7.887887887887887750e+00 1.965124448920643752e-01 1.961052745133381181e-01 1.969196152707906322e-01
7.897897897897897757e+00 2.046213507902710782e-01 2.042125565877458693e-01 2.050301449927962871e-01
7.907907907907907763e+00 2.143520003348521330e-01 2.139417135308893936e-01 2.147622871388148724e-01
7.917917917917917769e+00 2.260010861241720515e-01 2.255892602510238543e-01 2.264129119973202486e-01
7.927927927927927776e+00 2.398729464665814159e-01 2.394592186484521823e-01 2.402866742847106496e-01
7.937937937937937782e+00 2.562677673463445993e-01 2.558512952310590394e-01 2.566842394616301593e-01
7.947947947947947789e+00 2.754671881187217841e-01 2.750464787704480774e-01 2.758878974669954909e-01
7.957957957957957795e+00 2.977177046749105993e-01 2.972904634946768598e-01 2.981449458551443388e-01
7.967967967967967802e+00 3.232125123879203143e-01 3.227755507191329976e-01 3.236494740567076311e-01
7.977977977977977808e+00 3.520726731231986761e-01 3.516219158824260282e-01 3.525234303639713240e-01
7.987987987987987815e+00 3.843287024176166855e-01 3.838593245608877824e-01 3.847980802743455886e-01
7.997997997997997821e+00 4.199038298176846484e-01 4.194105215051697200e-01 4.203971381301995769e-01
8.008008008008008716e+00 4.586002638446014523e-01 4.580775891628958707e-01 4.591229385263070339e-01
8.018018018018018722e+00 5.000897737552640887e-01 4.995325643783407044e-01 5.006469831321874731e-01
8.028028028028028729e+00 5.439097707400256665e-01 5.433134952038368715e-01 5.445060462762144615e-01
8.038038038038038735e+00 5.894658282907998537e-01 5.888268957183925290e-01 5.901047608632071784e-01
8.048048048048048742e+00 6.360412329801219400e-01 6.353572136003173831e-01 6.367252523599264968e-01
8.058058058058058748e+00 6.828137220884805680e-01 6.820834844941477959e-01 6.835439596828133402e-01
8.068068068068068754e+00 7.288790734077578159e-01 7.281028469205724774e-01 7.296552998949431545e-01
8.078078078078078761e+00 7.732807037419898721e-01 7.724600759223253510e-01 7.741013315616543933e-01
8.088088088088088767e+00 8.150439499792412335e-01 8.141818080075930997e-01 8.159060919508893672e-01
8.098098098098098774e+00 8.532132949264025212e-01 8.523137179318819312e-01 8.541128719209231113e-01
8.108108108108108780e+00 8.868905003801956788e-01 8.859586089631954486e-01 8.878223917971959089e-01
8.118118118118118787e+00 9.152714546731632872e-01 9.143132240408426981e-01 9.162296853054838763e-01
8.128128128128128793e+00 9.376795512699166446e-01 9.367015953037804987e-01 9.386575072360527905e-01
8.138138138138138800e+00 9.535935938232867892e-01 9.526029286354832371e-01 9.545842590110903414e-01
8.148148148148148806e+00 9.626685601228432976e-01 9.616723568678097189e-01 9.636647633778768762e-01
8.158158158158158813e+00 9.647480258074406789e-01 9.637533634149485495e-01 9.657426881999328083e-01
8.168168168168168819e+00 9.598676088972865061e-01 9.588812377898162653e-01 9.608539800047567470e-01
8.178178178178178825e+00 9.482493996550176441e-01 9.472775273002238539e-01 9.492212720098114342e-01
8.188188188188188832e+00 9.302879348333831233e-01 9.293360431276608269e-01 9.312398265391054197e-01
8.198198198198198838e+00 9.065288106400263279e-01 9.056015136442117086e-01 9.074561076358409473e-01
8.208208208208208845e+00 8.776414613830636480e-01 8.767424098944214261e-01 8.785405128717058698e-01
8.218218218218218851e+00 8.443879286806005302e-01 8.435197656016341083e-01 8.452560917595669521e-01
8.228228228228228858e+00 8.075895913861959041e-01 8.067539589210681594e-01 8.084252238513236488e-01
8.238238238238238864e+00 7.680938163356674231e-01 7.672914128015936308e-01 7.688962198697412154e-01
8.248248248248248871e+00 7.267423366216042568e-01 7.259730172408828119e-01 7.275116560023257017e-01
8.258258258258258877e+00 6.843428917018811175e-01 6.836058043714622334e-01 6.850799790323000016e-01
8.268268268268268884e+00 6.416453055253192872e-01 6.409390496204451226e-01 6.423515614301934518e-01
8.278278278278278890e+00 5.993227730468587700e-01 5.986455673193225024e-01 5.999999787743950375e-01
8.288288288288288896e+00 5.579587104780538986e-01 5.573085556098790194e-01 5.586088653462287779e-01
8.298298298298298903e+00 5.180391353465376714e-01 5.174139580963249552e-01 5.186643125967503876e-01
8.308308308308308909e+00 4.799502072681841036e-01 4.793479763782610981e-01 4.805524381581071092e-01
8.318318318318318916e+00 4.439802989650346032e-01 4.433991075491010569e-01 4.445614903809681495e-01
8.328328328328328922e+00 4.103257897205084270e-01 4.097639037923694327e-01 4.108876756486474213e-01
8.338338338338338929e+00 3.790996812439876296e-01 3.785555583597064455e-01 3.796438041282688136e-01
8.348348348348348935e+00 3.503421220578263884e-01 3.498144069662783573e-01 3.508698371493744195e-01
8.358358358358358942e+00 3.240319783558039957e-01 3.235194837880221441e-01 3.245444729235858472e-01
8.368368368368368948e+00 3.000986905167660201e-01 2.996003709450418273e-01 3.005970100884902130e-01
8.378378378378378954e+00 2.784337874535869339e-01 2.779487122540070798e-01 2.789188626531667881e-01
8.388388388388388961e+00 2.589015787756986930e-01 2.584289092522255027e-01 2.593742482991718834e-01
8.398398398398398967e+00 2.413486926283402723e-01 2.408876652587945144e-01 2.418097199978860301e-01
8.408408408408408974e+00 2.256122635782347174e-01 2.251621799526006551e-01 2.260623472038687798e-01
8.418418418418418980e+00 2.115266922701424246e-01 2.110869147132995727e-01 2.119664698269852765e-01
8.428428428428428987e+00 1.989289926264749264e-01 1.984989435344775843e-01 1.993590417184722685e-01
8.438438438438438993e+00 1.876628121101057423e-01 1.872419746104049820e-01 1.880836496098065025e-01
8.448448448448449000e+00 1.775812574705090130e-01 1.771691751107404289e-01 1.779933398302775971e-01
8.458458458458459006e+00 1.685486855266709050e-01 1.681449592195303766e-01 1.689524118338114334e-01
8.468468468468469013e+00 1.604416298140671493e-01 1.600459110880723956e-01 1.608373485400619030e-01
8.478478478478479019e+00 1.531490333889698463e-01 1.527610139565772351e-01 1.535370528213624575e-01
8.488488488488489025e+00 1.465719494285144531e-01 1.461913480138000987e-01 1.469525508432288075e-01
8.498498498498499032e+00 1.406228575046791773e-01 1.402494056143205048e-01 1.409963093950378499e-01
8.508508508508509038e+00 1.352247267673826192e-01 1.348581555145979272e-01 1.355912980201673113e-01
8.518518518518519045e+00 1.303099392163065973e-01 1.299499693387042298e-01 1.306699090939089647e-01
8.528528528528529051e+00 1.258191676338681897e-01 1.254655044629474081e-01 1.261728308047889713e-01
8.538538538538539058e+00 1.217002840485402748e-01 1.213526184384917939e-01 1.220479496585887558e-01
8.548548548548549064e+00 1.179073560576529150e-01 1.175653712815570712e-01 1.182493408337487589e-01
8.558558558558559071e+00 1.143997702016367884e-01 1.140631537514275456e-01 1.147363866518460312e-01
8.568568568568569077e+00 1.111415041875218057e-01 1.108099624791342025e-01 1.114730458959094089e-01
8.578578578578579084e+00 1.081005535987229482e-01 1.077738269805682270e-01 1.084272802168776695e-01
8.588588588588589090e+00 1.052485044237130712e-01 1.049263797441699758e-01 1.055706291032561667e-01
8.598598598598599096e+00 1.025602309730728606e-01 1.022425493068233465e-01 1.028779126393223747e-01
8.608608608608609103e+00 1.000136901740409090e-01 9.970034805456881588e-02 1.003270322935130021e-01
8.618618618618619109e+00 9.758977831749209020e-02 9.728072181217388426e-02 9.789883482281029614e-02
8.628628628628629116e+00 9.527221530769861002e-02 9.496742731549044636e-02 9.557700329990677368e-02
8.638638638638639122e+00 9.304742422392253687e-02 9.274690631317068779e-02 9.334794213467438595e-02
8.648648648648649129e+00 9.090438008313302121e-02 9.060813091535949160e-02 9.120062925090655082e-02
8.658658658658659135e+00 8.883441030308410202e-02 8.854240316390463161e-02 8.912641744226357243e-02
8.668668668668669142e+00 8.683093945295829175e-02 8.654310162853422195e-02 8.711877727738236155e-02
8.678678678678679148e+00 8.488918124491347250e-02 8.460537794628542052e-02 8.517298454354152448e-02
8.688688688688689155e+00 8.300579014646579379e-02 8.272581538724897710e-02 8.328576490568261048e-02
8.698698698698699161e+00 8.117849238789195954e-02 8.090206863998045117e-02 8.145491613580346790e-02
8.708708708708709167e+00 7.940572065772021071e-02 7.913250822649167682e-02 7.967893308894874460e-02
8.718718718718719174e+00 7.768627793134511017e-02 7.741589383196730012e-02 7.795666203072292022e-02
8.728728728728729180e+00 7.601905358138404123e-02 7.575109837064381013e-02 7.628700879212427233e-02
8.738738738738739187e+00 7.440280951281870447e-02 7.413689924309262158e-02 7.466871978254478737e-02
8.748748748748749193e+00 7.283604627199638526e-02 7.257184575341747712e-02 7.310024679057529340e-02
8.758758758758759200e+00 7.131694991269831030e-02 7.105420304172689605e-02 7.157969678366972455e-02
8.768768768768769206e+00 6.984341105460323273e-02 6.958196421963930289e-02 7.010485788956716258e-02
8.778778778778779213e+00 6.841309925886950027e-02 6.815291472086322522e-02 6.867328379687577533e-02
8.788788788788789219e+00 6.702356967076684990e-02 6.676472713910787393e-02 6.728241220242582588e-02
8.798798798798799226e+00 6.567237568147495097e-02 6.541506178886319356e-02 6.592968957408670838e-02
8.808808808808809232e+00 6.435716161628067533e-02 6.410164838885064331e-02 6.461267484371070735e-02
8.818818818818819238e+00 6.307571321077980186e-02 6.282232776619886550e-02 6.332909865536073823e-02
8.828828828828829245e+00 6.182595049369567219e-02 6.157503901579980399e-02 6.207686197159154040e-02
8.838838838838839251e+00 6.060585685603091244e-02 6.035774639974501171e-02 6.085396731231681317e-02
8.848848848848849258e+00 5.941334844161733769e-02 5.916831035690281460e-02 5.965838652633186079e-02
8.858858858858859264e+00 5.824609825309425698e-02 5.800431701085591307e-02 5.848787949533260089e-02
8.868868868868869271e+00 5.710133821318475605e-02 5.686288915993587684e-02 5.733978726643363527e-02
8.878878878878879277e+00 5.597566867194791324e-02 5.574050767836207648e-02 5.621082966553374999e-02
8.888888888888889284e+00 5.486490760603783545e-02 5.463287462753962931e-02 5.509694058453604160e-02
8.898898898898899290e+00 5.376401051333040693e-02 5.353484769756784029e-02 5.399317332909297357e-02
8.908908908908909297e+00 5.266708672917599920e-02 5.244046993889656810e-02 5.289370351945543031e-02
8.918918918918919303e+00 5.156752902505383485e-02 5.134310971576980936e-02 5.179194833433786033e-02
8.928928928928929309e+00 5.045826178042414623e-02 5.023571446249718020e-02 5.068080909835111225e-02
8.938938938938939316e+00 4.933209997261835816e-02 4.911116943343125235e-02 4.955303051180546398e-02
8.948948948948949322e+00 4.818219814185480121e-02 4.796274051550035444e-02 4.840165576820924798e-02
8.958958958958959329e+00 4.700255683640693072e-02 4.678456951758997590e-02 4.722054415522388554e-02
8.968968968968969335e+00 4.578854517797532886e-02 4.557218221634958683e-02 4.600490813960107089e-02
8.978978978978979342e+00 4.453739317739213721e-02 4.432296471996883397e-02 4.475182163481544045e-02
8.988988988988989348e+00 4.324860693573383263e-02 4.303656308846004475e-02 4.346065078300762052e-02
8.998998998998999355e+00 4.192426406011622725e-02 4.171516495281746284e-02 4.213336316741499166e-02
9.009009009009009361e+00 4.056915517241812402e-02 4.036362996212205373e-02 4.077468038271419432e-02
9.019019019019019368e+00 3.919074948698249294e-02 3.898944759151620060e-02 3.939205138244878529e-02
9.029029029029029374e+00 3.779897689256542237e-02 3.760251504070673961e-02 3.799543874442410513e-02
9.039039039039039380e+00 3.640583435971747606e-02 3.621474320900052585e-02 3.659692551043442627e-02
9.049049049049049387e+00 3.502483928664985174e-02 3.483951349388865470e-02 3.521016507941104878e-02
9.059059059059059393e+00 3.367036515608060054e-02 3.349102093118710294e-02 3.384970938097409815e-02
9.069069069069069400e+00 3.235690440340601576e-02 3.218354869352279407e-02 3.253026011328923744e-02
9.079079079079079406e+00 3.109830885788168395e-02 3.093072423449994002e-02 3.126589348126342788e-02
9.089089089089089413e+00 2.990705912253074569e-02 2.974480786968310489e-02 3.006931037537838650e-02
9.099099099099099419e+00 2.879361088445113112e-02 2.863606030462901089e-02 2.895116146427325135e-02
9.109109109109109426e+00 2.776585891488049865e-02 2.761222718883401400e-02 2.791949064092698329e-02
9.119119119119119432e+00 2.682874930860446039e-02 2.667816755696246489e-02 2.697933106024645589e-02
9.129129129129129439e+00 2.598405844970865311e-02 2.583564091413679750e-02 2.613247598528050872e-02
9.139139139139139445e+00 2.523034450452649874e-02 2.508325653011968248e-02 2.537743247893331500e-02
9.149149149149149451e+00 2.456306512452523932e-02 2.441657913754980910e-02 2.470955111150066955e-02
9.159159159159159458e+00 2.397484451791985147e-02 2.382837748005410192e-02 2.412131155578560102e-02
9.169169169169169464e+00 2.345586488174435796e-02 2.330899541816308651e-02 2.360273434532562942e-02
9.179179179179179471e+00 2.299435181704164236e-02 2.284681951014042381e-02 2.314188412394286090e-02
9.189189189189189477e+00 2.257712088430247413e-02 2.242881282886483377e-02 2.272542893974011449e-02
9.199199199199199484e+00 2.219015269216982958e-02 2.204108308132898125e-02 2.233922230301067791e-02
9.209209209209209490e+00 2.181916640255864709e-02 2.166945416189498125e-02 2.196887864322231293e-02
9.219219219219219497e+00 2.145016567295767937e-02 2.130001370456057960e-02 2.160031764135477914e-02
9.229229229229229503e+00 2.106993617014855241e-02 2.091961419214212470e-02 2.122025814815498013e-02
9.239239239239239510e+00 2.066647923281573346e-02 2.051631084369545319e-02 2.081664762193601373e-02
9.249249249249249516e+00 2.022937148740545227e-02 2.007972509167148256e-02 2.037901788313942197e-02
9.259259259259259522e+00 1.975004483620858980e-02 1.960132746029268416e-02 1.989876221212449545e-02
9.269269269269269529e+00 1.922198501558147754e-02 1.907463777997218252e-02 1.936933225119077256e-02
9.279279279279279535e+00 1.864084980939130151e-02 1.849534383323499578e-02 1.878635578554760724e-02
9.289289289289289542e+00 1.800451008127310418e-02 1.786134179688964735e-02 1.814767836565656101e-02
9.299299299299299548e+00 1.731301823745508631e-02 1.717270340196306450e-02 1.745333307294710812e-02
9.309309309309309555e+00 1.656850977225178892e-02 1.643157580980552507e-02 1.670544373469805277e-02
9.319319319319319561e+00 1.577504439786860807e-02 1.564202103376279018e-02 1.590806776197442596e-02
9.329329329329329568e+00 1.493839408965813055e-02 1.480980251139399351e-02 1.506698566792226759e-02
9.339339339339339574e+00 1.406578628488463177e-02 1.394212726828859307e-02 1.418944530148067047e-02
9.349349349349349581e+00 1.316561147101901093e-02 1.304735303893369246e-02 1.328386990310432940e-02
9.359359359359359587e+00 1.224710542364586090e-02 1.213467066669154416e-02 1.235954018060017763e-02
9.369369369369369593e+00 1.132001727939468613e-02 1.121377297295020684e-02 1.142626158583916543e-02
9.379379379379379600e+00 1.039427529872597594e-02 1.029452190837863192e-02 1.049402868907331997e-02
9.389389389389389606e+00 9.479662428674019703e-03 9.386626017710808859e-03 9.572698839637230547e-03
9.399399399399399613e+00 8.585513487228588550e-03 8.499339932762649957e-03 8.671687041694527143e-03
9.409409409409409619e+00 7.720444881941927392e-03 7.641196678669743073e-03 7.799693085214111712e-03
9.419419419419419626e+00 6.892126235917844443e-03 6.819782025886536765e-03 6.964470445949152121e-03
9.429429429429429632e+00 6.107101186493925533e-03 6.041558007658664325e-03 6.172644365329186741e-03
9.439439439439439639e+00 5.370662073023712950e-03 5.311740177352908092e-03 5.429583968694517808e-03
9.449449449449449645e+00 4.686780418043201384e-03 4.634230380218970491e-03 4.739330455867432276e-03
9.459459459459459651e+00 4.058092238105780875e-03 4.011603966699630805e-03 4.104580509511930944e-03
9.469469469469469658e+00 3.485934509614666867e-03 3.445147690896459801e-03 3.526721328332873932e-03
9.479479479479479664e+00 2.970426756269978902e-03 2.934942211339522985e-03 3.005911301200434819e-03
9.489489489489489671e+00 2.510589875803120267e-03 2.479981296680726019e-03 2.541198454925514515e-03
9.499499499499499677e+00 2.104493090119654176e-03 2.078318639084998903e-03 2.130667541154309449e-03
9.509509509509509684e+00 1.749419331197923141e-03 1.727232636571173147e-03 1.771606025824673135e-03
9.519519519519519690e+00 1.442039452053074655e-03 1.423399607020282669e-03 1.460679297085866642e-03
9.529529529529529697e+00 1.178586311592003631e-03 1.163066573239208198e-03 1.194106049944799065e-03
9.539539539539539703e+00 9.550209162562775566e-04 9.422159015688194280e-04 9.678259309437356852e-04
9.549549549549549710e+00 7.671842746736801414e-04 7.567155508190940389e-04 7.776529985282662439e-04
9.559559559559559716e+00 6.109302871684144619e-04 6.024503476678415986e-04 6.194102266689873251e-04
9.569569569569569722e+00 4.822367062375140356e-04 4.754314067913301763e-04 4.890420056836978406e-04
9.579579579579579729e+00 3.772928391855268873e-04 3.718824328596193789e-04 3.827032455114343958e-04
9.589589589589589735e+00 2.925641173387807134e-04 2.883030763325599636e-04 2.968251583450014631e-04
9.599599599599599742e+00 2.248348554378830550e-04 2.215106953455516848e-04 2.281590155302144253e-04
9.609609609609609748e+00 1.712314297411738132e-04 1.686627632434929626e-04 1.738000962388546638e-04
9.619619619619619755e+00 1.292287040125623346e-04 1.272627466495819266e-04 1.311946613755427427e-04
9.629629629629629761e+00 9.664284453777567804e-05 9.515257873915861986e-05 9.813311033639273622e-05
9.639639639639639768e+00 7.161372377631918570e-05 7.049490214488878751e-05 7.273254540774958389e-05
9.649649649649649774e+00 5.257996507159211136e-05 5.174810348909180774e-05 5.341182665409241497e-05
9.659659659659659781e+00 3.824938186395232341e-05 3.763686046257563210e-05 3.886190326532901472e-05
9.669669669669669787e+00 2.756716804334474782e-05 2.712052609043376068e-05 2.801380999625573495e-05
9.679679679679679793e+00 1.968375086870072365e-05 1.936123214411285522e-05 2.000626959328859208e-05
9.689689689689689800e+00 1.392376598137346164e-05 1.369314563143503131e-05 1.415438633131189196e-05
9.699699699699699806e+00 9.757187709284959390e-06 9.593890568864885270e-06 9.920484849705033510e-06
9.709709709709709813e+00 6.773269464770706169e-06 6.658773656430106214e-06 6.887765273111306124e-06
9.719719719719719819e+00 4.657631641565574905e-06 4.578139685668186295e-06 4.737123597462963514e-06
9.729729729729729826e+00 3.172583062058954010e-06 3.117935276300312880e-06 3.227230847817595140e-06
9.739739739739739832e+00 2.140575445886039729e-06 2.103376420296436613e-06 2.177774471475642846e-06
9.749749749749749839e+00 1.430562801390852940e-06 1.405490480427922436e-06 1.455635122353783444e-06
9.759759759759759845e+00 9.469605551346938612e-07 9.302282269042743843e-07 9.636928833651134441e-07
9.769769769769769852e+00 6.208628347396477238e-07 6.098064684801475396e-07 6.319192009991479080e-07
9.779779779779779858e+00 4.031707181400848370e-07 3.959370525444322107e-07 4.104043837357374633e-07
9.789789789789789864e+00 2.593003137495225902e-07 2.546144402950795848e-07 2.639861872039655955e-07
9.799799799799799871e+00 1.651693582411268178e-07 1.621639373721180431e-07 1.681747791101355925e-07
9.809809809809809877e+00 1.041982333032585632e-07 1.022897012084946970e-07 1.061067653980224293e-07
9.819819819819819884e+00 6.510106857227241662e-08 6.390109917791598770e-08 6.630103796662884553e-08
9.829829829829829890e+00 4.028149632897219242e-08 3.953450636016051121e-08 4.102848629778387364e-08
9.839839839839839897e+00 2.468345641303313380e-08 2.422306111928252889e-08 2.514385170678373871e-08
9.849849849849849903e+00 1.497899849558562081e-08 1.469805672752035046e-08 1.525994026365088949e-08
9.859859859859859910e+00 9.001810157941292882e-09 8.832076058636817303e-09 9.171544257245768462e-09
9.869869869869869916e+00 5.357242929912923135e-09 5.255714552392587706e-09 5.458771307433258563e-09
9.879879879879879923e+00 3.157269738688607995e-09 3.097142713571762777e-09 3.217396763805453213e-09
9.889889889889889929e+00 1.842619241779256520e-09 1.807364752238581641e-09 1.877873731319931400e-09
9.899899899899899935e+00 1.064898113703996466e-09 1.044432713520683301e-09 1.085363513887309631e-09
9.909909909909909942e+00 6.094306239769653795e-10 5.976684953030208473e-10 6.211927526509099117e-10
9.919919919919919948e+00 3.453660982513555036e-10 3.386732592895347011e-10 3.520589372131763061e-10
9.929929929929929955e+00 1.938072528709747766e-10 1.900368081152151081e-10 1.975776976267344450e-10
9.939939939939939961e+00 1.076939053447593318e-10 1.055909423463063059e-10 1.097968683432123577e-10
9.949949949949949968e+00 5.925692276121439763e-11 5.809567017477148881e-11 6.041817534765729999e-11
9.959959959959959974e+00 3.228570023544839072e-11 3.165084161896565825e-11 3.292055885193112319e-11
9.969969969969969981e+00 1.741810615499260387e-11 1.707448339554028694e-11 1.776172891444492080e-11
9.979979979979979987e+00 9.304818270446666120e-12 9.120681388878541183e-12 9.488955152014791057e-12
9.989989989989989994e+00 4.921844548591084588e-12 4.824153888068114773e-12 5.019535209114054402e-12
1.000000000000000000e+01 2.577851380473145892e-12 2.526539468293725228e-12 2.629163292652566557e-12
